7205378550	479683.1024	2	1	94	4019	4052	4019004052	40.52	Tract 40.52	1630	1597	1507	12	11	45	1	88	21	33	2.2622E-07	165435.49	77117	82455	35655	43941	2.09149E-07	1.66542E-09	1.52664E-09	6.24534E-09	1.38785E-10	2.91449E-09	4.57991E-09	1.22131E-08	2	1	1680	76	4.5	561	27	4.8	646	27	4.2	565	6	7	55	193	165	105	34	0	211300	1359	858	858	806	52	0	0	501	677	352	352	333
3652149235	373782.5145	3	2	183	4019	4716	4019004716	47.16	Tract 47.16	4245	4171	3872	31	48	45	3	445	172	74	1.16233E-06	83853.35	50257	55634	36563	31938	1.0602E-06	8.48815E-09	1.31429E-08	1.23215E-08	8.21434E-10	4.70956E-08	2.0262E-08	1.21846E-07	3	2	4034	235	5.8	1216	70	5.8	1807	92	5.1	847	0	22	147	312	246	85	24	11	190200	3620	1900	1897	1857	40	0	3	1720	1800	834	834	822
130620624.1	51509.0555	4	5	182	4019	4715	4019004715	47.15	Tract 47.15	5143	5008	4319	24	65	20	10	1378	570	135	3.93736E-05	2999.05	37260	41139	21042	15877	3.30652E-05	1.83738E-07	4.97624E-07	1.53115E-07	7.65576E-08	4.36378E-06	1.03353E-06	1.05496E-05	4	5	5204	548	10.5	1408	106	7.5	1850	192	10.4	650	0	342	139	112	18	39	0	0	98300	4019	2508	2508	2420	88	0	0	1511	2071	1143	1143	1100
756596119.9	147123.4285	5	4	173	4019	4637	4019004637	46.37	Tract 46.37	9900	9790	9403	83	28	156	11	467	109	110	1.30849E-05	17371.45	61066	63428	45542	31943	1.2428E-05	1.09702E-07	3.70079E-08	2.06187E-07	1.45388E-08	1.44066E-07	1.45388E-07	6.17238E-07	5	4	9840	366	3.7	3449	116	3.4	4316	166	3.8	4084	0	25	1150	1522	1024	285	59	19	174700	8455	3083	3083	2984	99	0	0	5372	4378	1370	1370	1323
2010754255	242132.624	6	3	174	4019	4638	4019004638	46.38	Tract 46.38	2160	2125	1995	17	21	15	0	257	77	35	1.07422E-06	46166.92	46276	50057	29844	24757	9.92165E-07	8.45454E-09	1.04438E-08	7.45989E-09	0	3.82941E-08	1.74064E-08	1.27813E-07	6	3	2228	166	7.5	820	67	8.2	957	75	7.8	633	0	47	221	206	109	19	31	0	165000	1819	915	906	880	26	0	9	904	918	372	363	356
42014220325	1128191.619	7	9	192	4019	4900	4019004900	49	Tract 49	202	196	151	0	18	1	0	50	26	6	4.8079E-09	964646.5	23182	22917	23500	14801	3.59402E-09	0	4.28426E-10	2.3801E-11	0	6.18838E-10	1.42809E-10	1.19007E-09	7	9	187	13	7	36	0	0	112	9	8	25	4	16	5	0	0	0	0	0	77500	172	62	62	55	7	0	0	110	69	19	19	12
11213295778	707083.4582	8	6	129	4019	4409	4019004409	44.09	Tract 44.09	9397	9170	8388	52	138	35	11	1333	546	227	8.38023E-07	257457.27	40744	44572	28289	17250	7.48041E-07	4.63735E-09	1.23068E-08	3.1213E-09	9.80978E-10	4.86922E-08	2.02438E-08	1.18877E-07	8	6	9272	749	8.1	2558	124	4.8	3366	193	5.7	732	42	210	234	109	107	19	0	11	119400	6905	4698	4675	4515	160	0	23	2207	3465	2177	2177	2102
35660384896	992301.6971	9	8	196	4019	940700	4019940700	9407	Tract 9407	1522	1496	45	0	1442	0	1	71	8	26	4.26804E-08	818762.44	13864	15781	10179	5435	1.2619E-09	0	4.0437E-08	0	2.8042E-11	2.24339E-10	7.291E-10	1.99101E-09	9	8	1512	900	59.5	315	174	55.2	396	207	52.3	232	128	95	0	0	4	0	5	0	26300	1002	270	270	173	97	0	0	732	487	95	95	82
18655697893	684366.2335	10	7	195	4019	940600	4019940600	9406	Tract 9406	1251	1247	27	0	1212	2	2	21	4	4	6.70573E-08	428334.82	11319	12257	8533	6790	1.44728E-09	0	6.49667E-08	1.07206E-10	1.07206E-10	2.14412E-10	2.14412E-10	1.12566E-09	10	7	1235	651	52.7	247	129	52.2	358	194	54.2	192	118	61	5	0	4	4	0	0	19400	867	292	292	244	48	0	0	575	492	149	149	120
1045190910	168933.5674	11	10	139	4019	4419	4019004419	44.19	Tract 44.19	5355	5226	4415	91	106	19	3	1185	592	129	5.12347E-06	23997.58	35870	37410	20543	13798	4.22411E-06	8.70654E-08	1.01417E-07	1.81785E-08	2.87029E-09	5.66404E-07	1.23422E-07	1.13376E-06	11	10	5364	610	11.4	1414	127	9	1804	199	11	385	21	234	81	42	7	0	0	0	88100	3914	2419	2414	2346	68	0	5	1495	1920	1095	1095	1072
1070644031	163260.0562	12	11	140	4019	4420	4019004420	44.2	Tract 44.20	2642	2555	1741	144	176	26	7	887	461	87	2.46767E-06	24581.99	30000	31744	19333	14231	1.62612E-06	1.34498E-07	1.64387E-07	2.42844E-08	6.53812E-09	4.30582E-07	8.12595E-08	8.28473E-07	12	11	2148	322	15	568	81	14.3	800	129	16.1	237	40	123	45	10	0	19	0	0	79400	2042	1014	1007	940	67	0	7	1028	935	469	469	439
782648478.4	134971.88	13	12	193	4019	5000	4019005000	50	Tract 50	3705	3533	2916	9	255	11	3	1392	339	172	4.73393E-06	17969.61	25618	29310	15259	14548	3.72581E-06	1.14994E-08	3.25817E-07	1.40548E-08	3.83314E-09	4.33145E-07	2.19767E-07	1.77858E-06	13	12	3710	827	22.3	1129	186	16.5	1647	321	19.5	1104	324	660	75	22	11	10	2	0	63100	3034	1079	1076	976	100	0	3	1955	1628	511	511	469
401500162.2	106945.5164	14	13	175	4019	4639	4019004639	46.39	Tract 46.39	892	853	794	14	8	3	1	139	33	39	2.22167E-06	9218.44	56411	56705	16607	29563	1.97758E-06	3.48692E-08	1.99253E-08	7.47198E-09	2.49066E-09	8.21917E-08	9.71357E-08	3.46202E-07	14	13	856	69	8.1	207	14	6.8	269	14	5.2	188	0	10	108	62	0	8	0	0	139100	647	473	473	432	41	0	0	174	353	255	255	239
82591878.69	42238.0689	15	15	172	4019	4636	4019004636	46.36	Tract 46.36	5334	5235	4893	64	24	127	15	489	112	99	6.45826E-05	1896.31	75781	78540	54313	29359	5.92431E-05	7.74895E-07	2.90585E-07	1.53768E-06	1.81616E-07	1.35607E-06	1.19867E-06	5.92068E-06	15	15	5334	68	1.3	1585	22	1.4	1778	31	1.7	1627	8	0	385	591	559	84	0	0	182700	3775	2632	2585	2527	58	0	47	1143	1908	1128	1119	1083
135431071.8	51784.61115	16	14	170	4019	4634	4019004634	46.34	Tract 46.34	1015	979	932	5	12	3	0	93	27	36	7.49459E-06	3109.5	52344	61818	34375	24282	6.88173E-06	3.69192E-08	8.8606E-08	2.21515E-08	0	1.99363E-07	2.65818E-07	6.86696E-07	16	14	934	9	1	274	0	0	352	0	0	316	0	36	66	66	131	17	0	0	182100	757	518	518	492	26	0	0	239	385	254	254	242
50911092826	1519425.239	17	16	197	4019	940800	4019940800	9408	Tract 9408	4719	4698	96	5	4573	13	6	139	5	21	9.2691E-08	1168918.69	19318	20119	6883	6574	1.88564E-09	9.821E-11	8.98233E-08	2.55347E-10	1.17853E-10	9.821E-11	4.12484E-10	2.73025E-09	17	16	4659	2191	47	958	406	42.4	1228	574	46.7	690	368	302	17	3	0	0	0	0	41500	3050	1310	1310	971	339	0	0	1740	1646	647	647	552
74919883.79	40746.01528	18	17	171	4019	4635	4019004635	46.35	Tract 46.35	4358	4290	4043	47	16	99	4	336	81	68	5.81688E-05	1720.16	70023	80090	41797	32538	5.39643E-05	6.27337E-07	2.13561E-07	1.32141E-06	5.33904E-08	1.08115E-06	9.07636E-07	4.48479E-06	18	17	4358	141	3.2	1338	43	3.2	1691	61	3.6	1259	6	37	144	327	516	213	16	0	221500	3408	1981	1971	1882	89	0	10	1427	1743	806	806	756
51745744.46	47299.76886	19	18	169	4019	4633	4019004633	46.33	Tract 46.33	2755	2690	2524	49	9	71	0	281	37	65	5.32411E-05	1188.08	58304	63041	33456	24626	4.8777E-05	9.46938E-07	1.73927E-07	1.37209E-06	0	7.15035E-07	1.25614E-06	5.4304E-06	19	18	2820	79	2.8	828	16	1.9	1007	16	1.6	911	9	92	356	402	52	0	0	0	149800	2193	1413	1413	1382	31	0	0	780	1151	634	634	620
72380947	50093.0892	20	19	155	4019	4619	4019004619	46.19	Tract 46.19	3437	3381	3161	39	20	75	1	300	85	56	4.74849E-05	1661.87	55466	68088	36979	30390	4.36717E-05	5.38816E-07	2.76316E-07	1.03618E-06	1.38158E-08	1.17434E-06	7.73684E-07	4.14474E-06	20	19	3406	141	4.1	984	7	0.7	1543	64	4.1	995	0	59	334	172	293	137	0	0	185900	2933	1849	1842	1791	51	0	7	1084	1491	830	823	791
349104567.7	100130.7254	21	20	136	4019	4416	4019004416	44.16	Tract 44.16	8841	8582	7506	225	66	275	14	1470	496	259	2.53248E-05	8015.44	60172	62054	41000	23373	2.15007E-05	6.44506E-07	1.89055E-07	7.8773E-07	4.01026E-08	1.42078E-06	7.41898E-07	4.21077E-06	21	20	8787	188	2.1	2553	38	1.5	3183	87	2.7	2708	8	260	1405	637	312	86	0	0	135000	6366	4497	4470	4259	211	0	27	1869	3252	1979	1979	1864
42304494.68	26455.33868	22	21	168	4019	4632	4019004632	46.32	Tract 46.32	2508	2424	2204	40	16	60	0	291	104	84	5.92845E-05	971.31	65972	67717	60156	22979	5.20985E-05	9.45526E-07	3.7821E-07	1.41829E-06	0	2.45837E-06	1.9856E-06	6.8787E-06	22	21	2569	82	3.2	722	16	2.2	873	16	1.8	706	0	95	426	110	68	7	0	0	127800	1786	1353	1353	1333	20	0	0	433	947	670	670	650
41718764.44	26501.61641	23	23	167	4019	4631	4019004631	46.31	Tract 46.31	3707	3605	3276	77	19	80	2	504	151	102	8.88569E-05	957.86	62066	64545	40417	25583	7.85258E-05	1.84569E-06	4.55431E-07	1.9176E-06	4.79401E-08	3.61947E-06	2.44494E-06	1.20809E-05	23	23	3659	111	3	1108	19	1.7	1353	34	2.5	1140	17	90	797	211	25	0	0	0	123900	2758	1999	1988	1901	87	0	11	759	1426	961	961	931
54235657.25	31301.57621	24	22	166	4019	4630	4019004630	46.3	Tract 46.30	1522	1489	1408	16	6	17	0	231	42	33	2.80627E-05	1245.25	59688	68359	36953	22690	2.59608E-05	2.95009E-07	1.10628E-07	3.13447E-07	0	7.74398E-07	6.08456E-07	4.25919E-06	24	22	1561	16	1	398	0	0	559	9	1.6	402	8	53	123	113	93	12	0	0	154900	1168	915	915	883	32	0	0	253	601	456	456	446
33491788.07	28618.14829	25	25	156	4019	4620	4019004620	46.2	Tract 46.20	1702	1660	1527	21	12	15	1	203	84	42	5.08184E-05	768.97	37237	42679	31563	24264	4.55933E-05	6.27019E-07	3.58297E-07	4.47871E-07	2.98581E-08	2.50808E-06	1.25404E-06	6.06119E-06	25	25	1656	96	5.8	503	28	5.6	774	42	5.4	271	0	17	168	52	9	9	16	0	139900	1353	1048	1025	957	68	0	23	305	708	514	507	467
124712008.3	65971.41802	26	26	180	4019	4713	4019004713	47.13	Tract 47.13	3571	3530	3373	7	17	73	0	267	60	41	2.8634E-05	2863.39	61141	68250	35481	42630	2.70463E-05	5.61293E-08	1.36314E-07	5.85349E-07	0	4.81108E-07	3.28757E-07	2.14093E-06	26	26	3562	137	3.8	1131	29	2.6	1642	91	5.5	1195	8	121	271	282	195	201	80	37	184000	3063	1648	1648	1554	94	0	0	1415	1626	760	760	719
84037668.16	36939.697	27	24	165	4019	4629	4019004629	46.29	Tract 46.29	7583	7365	6660	131	51	121	10	1235	392	218	9.02333E-05	1929.5	57408	60404	38472	21230	7.92502E-05	1.55882E-06	6.06871E-07	1.43983E-06	1.18994E-07	4.66457E-06	2.59407E-06	1.46958E-05	27	24	7527	261	3.5	2033	45	2.2	2413	101	4.2	2138	15	489	1468	140	10	8	8	0	114100	5276	4063	4007	3865	142	0	56	1213	2762	1927	1916	1813
58999621.08	34555.81391	28	27	159	4019	4623	4019004623	46.23	Tract 46.23	4638	4542	4149	65	36	90	5	571	197	96	7.86107E-05	1354.63	58293	61898	40385	26427	7.03225E-05	1.1017E-06	6.10173E-07	1.52543E-06	8.47463E-08	3.339E-06	1.62713E-06	9.67803E-06	28	27	4636	124	2.7	1371	32	2.3	1867	57	3.1	1658	32	208	754	433	155	58	9	9	140000	3631	2283	2273	2184	89	0	10	1348	1869	1042	1042	1002
37439574.75	24750.63713	29	28	157	4019	4621	4019004621	46.21	Tract 46.21	1849	1842	1811	8	1	15	0	108	7	7	4.93862E-05	859.61	46371	71012	24321	33017	4.83713E-05	2.13678E-07	2.67097E-08	4.00646E-07	0	1.86968E-07	1.86968E-07	2.88465E-06	29	28	1806	97	5.4	543	28	5.2	964	47	4.9	627	9	82	160	295	81	0	0	0	160300	1650	679	663	627	36	0	16	971	926	308	308	297
29708359.83	35439.17366	30	29	161	4019	4625	4019004625	46.25	Tract 46.25	1797	1745	1510	51	6	60	3	286	115	52	6.0488E-05	682.1	42740	49750	37171	26710	5.08274E-05	1.71669E-06	2.01963E-07	2.01963E-06	1.00982E-07	3.87096E-06	1.75035E-06	9.62692E-06	30	29	1824	63	3.5	536	13	2.4	929	29	3.1	228	0	112	59	0	48	0	9	0	100900	1579	1092	1060	1003	57	0	32	487	796	504	504	457
37865186.26	25642.44134	31	30	158	4019	4622	4019004622	46.22	Tract 46.22	3061	3002	2765	28	10	38	1	441	160	59	8.08394E-05	869.38	47500	55387	27835	22438	7.30222E-05	7.39466E-07	2.64095E-07	1.00356E-06	2.64095E-08	4.22552E-06	1.55816E-06	1.16466E-05	31	30	3051	232	7.6	827	56	6.8	1318	148	11.2	699	0	44	257	360	38	0	0	0	157000	2503	1697	1678	1626	52	0	19	806	1316	852	852	824
9407433830	459101.3458	32	33	103	4019	4061	4019004061	40.61	Tract 40.61	2047	1985	1823	9	17	10	4	309	122	62	2.17594E-07	215994.68	52404	58092	34000	20881	1.93783E-07	9.5669E-10	1.80708E-09	1.06299E-09	4.25196E-10	1.29685E-08	6.59053E-09	3.28464E-08	32	33	2001	64	3.2	560	0	0	694	28	4	278	11	16	59	10	124	58	0	0	233600	1513	1107	1094	1058	36	0	13	406	746	502	502	482
76456032.93	38070.51705	33	31	148	4019	4612	4019004612	46.12	Tract 46.12	7878	7661	6911	104	73	112	2	1361	459	217	0.00010304	1755.43	50000	51236	38980	19799	9.03918E-05	1.36026E-06	9.54797E-07	1.46489E-06	2.61588E-08	6.00345E-06	2.83823E-06	1.78011E-05	33	31	7839	324	4.1	2143	78	3.6	2760	120	4.3	2059	0	721	1170	134	34	0	0	0	109600	5868	4329	4306	4221	85	0	23	1539	3024	1991	1991	1919
33346332.41	23746.54228	34	32	160	4019	4624	4019004624	46.24	Tract 46.24	5105	4972	4413	71	45	103	2	1045	338	133	0.00015309	765.63	54628	63295	32333	21872	0.000132338	2.12917E-06	1.34947E-06	3.0888E-06	5.99766E-08	1.0136E-05	3.98844E-06	3.13378E-05	34	32	5081	107	2.1	1440	5	0.3	1766	40	2.3	1529	10	395	950	120	54	0	0	0	111700	3793	2842	2829	2768	61	0	13	951	2006	1358	1354	1331
59914588.49	33305.16837	35	34	150	4019	4614	4019004614	46.14	Tract 46.14	3331	3282	3098	39	18	49	1	286	77	49	5.55958E-05	1375.64	62348	73839	39191	26379	5.17069E-05	6.50927E-07	3.00428E-07	8.17831E-07	1.66904E-08	1.28516E-06	8.17831E-07	4.77346E-06	35	34	3292	118	3.6	874	7	0.8	1167	44	3.8	952	0	16	367	433	127	9	0	0	160200	2750	1830	1823	1632	191	0	7	920	1442	860	860	729
17559337.56	16796.82018	36	35	162	4019	4626	4019004626	46.26	Tract 46.26	3195	3129	2714	105	26	94	3	588	187	66	0.000181954	403.16	32353	35125	30605	17753	0.000154562	5.97972E-06	1.48069E-06	5.35328E-06	1.70849E-07	1.06496E-05	3.75868E-06	3.34865E-05	36	35	3137	466	14.9	725	128	17.7	1544	220	14.2	190	0	20	146	24	0	0	0	0	132100	2505	1713	1713	1617	96	0	0	792	1297	732	732	668
112408271	58992.21488	37	36	181	4019	4714	4019004714	47.14	Tract 47.14	5953	5837	5458	68	26	189	5	380	91	116	5.29587E-05	2580.89	73936	90056	45845	43684	4.85551E-05	6.04938E-07	2.313E-07	1.68137E-06	4.44807E-08	8.09549E-07	1.03195E-06	3.38053E-06	37	36	5894	170	2.9	1699	35	2.1	2492	73	2.9	1756	21	18	210	568	504	294	126	15	211200	4738	2939	2939	2883	56	0	0	1799	2502	1369	1369	1347
167844641.7	53817.60716	38	39	186	4019	4719	4019004719	47.19	Tract 47.19	6293	6184	5750	58	24	293	0	360	59	109	3.7493E-05	3853.71	81330	107411	45331	49095	3.42579E-05	3.45558E-07	1.42989E-07	1.74566E-06	0	3.51516E-07	6.4941E-07	2.14484E-06	38	39	6293	285	4.5	1902	46	2.4	2544	105	4.1	1625	0	18	0	85	331	668	452	71	392500	4955	2925	2873	2812	61	0	52	2030	2564	1181	1172	1150
55424721.6	31717.06348	39	41	184	4019	4717	4019004717	47.17	Tract 47.17	2120	2074	1980	10	8	58	1	144	17	46	3.82501E-05	1272.55	75737	87271	50114	44610	3.57241E-05	1.80425E-07	1.4434E-07	1.04646E-06	1.80425E-08	3.06722E-07	8.29955E-07	2.59812E-06	39	41	2179	59	2.7	717	5	0.7	1035	24	2.3	706	0	31	9	49	253	175	163	26	309600	1940	1048	1010	981	29	0	38	892	999	433	414	397
290377699.1	84819.08104	40	38	138	4019	4418	4019004418	44.18	Tract 44.18	2750	2686	2475	26	27	37	0	398	121	64	9.47042E-06	6667.07	72458	76179	42500	29727	8.52338E-06	8.95386E-08	9.29823E-08	1.2742E-07	0	4.16699E-07	2.20403E-07	1.37063E-06	40	38	2747	143	5.2	843	26	3.1	1047	43	4.1	905	0	10	102	326	428	31	0	8	202300	2349	1766	1766	1703	63	0	0	583	1249	896	896	840
56597924.14	32903.99156	41	43	151	4019	4615	4019004615	46.15	Tract 46.15	3244	3186	2982	41	15	75	1	304	72	58	5.73166E-05	1299.49	51281	59207	23224	25541	5.26874E-05	7.24408E-07	2.65027E-07	1.32514E-06	1.76685E-08	1.27213E-06	1.02477E-06	5.37122E-06	41	43	3185	112	3.5	890	19	2.1	1259	38	3	803	0	8	262	277	181	66	9	0	173500	2681	1608	1608	1570	38	0	0	1073	1494	705	705	676
1722793121	235888.3153	42	37	137	4019	4417	4019004417	44.17	Tract 44.17	8035	7825	6265	250	98	102	10	2559	1100	210	4.66394E-06	39555.33	59255	65453	36524	27710	3.63654E-06	1.45113E-07	5.68844E-08	5.92062E-08	5.80453E-09	6.38498E-07	1.21895E-07	1.48538E-06	42	37	8022	569	7.1	2203	89	4	3229	224	6.9	2242	9	487	496	404	558	221	41	26	163600	6587	4504	4494	4381	113	0	10	2083	3346	2091	2091	2027
47210065.19	32906.38986	43	40	149	4019	4613	4019004613	46.13	Tract 46.13	3802	3682	3156	68	47	68	3	818	340	120	8.05337E-05	1083.94	42721	46594	29375	17893	6.68502E-05	1.44037E-06	9.9555E-07	1.44037E-06	6.35458E-08	7.20185E-06	2.54183E-06	1.73268E-05	43	40	3769	298	7.9	979	62	6.3	1436	108	7.5	648	0	299	333	0	0	8	8	0	102100	2768	2026	2018	1980	38	0	8	742	1434	957	957	938
14064817.4	15871.08178	44	42	163	4019	4627	4019004627	46.27	Tract 46.27	3063	2962	2520	41	34	103	2	613	262	101	0.000217777	322.93	44610	51359	32578	19742	0.00017917	2.91508E-06	2.41738E-06	7.32324E-06	1.42199E-07	1.8628E-05	7.18104E-06	4.35839E-05	44	42	2983	144	4.8	783	30	3.8	1059	40	3.8	771	8	285	330	120	28	0	0	0	108500	2185	1604	1593	1556	37	0	11	581	1120	738	738	721
25221299.35	20589.32678	45	44	164	4019	4628	4019004628	46.28	Tract 46.28	1394	1378	1276	21	12	46	1	168	22	16	5.52707E-05	579.08	66518	73021	52679	28019	5.05922E-05	8.3263E-07	4.75788E-07	1.82386E-06	3.9649E-08	8.72279E-07	6.34384E-07	6.66104E-06	45	44	1363	0	0	428	0	0	491	0	0	472	0	24	196	229	23	0	0	0	152800	1099	794	794	787	7	0	0	305	566	398	398	391
137016536.7	49729.93192	46	45	176	4019	4703	4019004703	47.03	Tract 47.03	7129	6970	6393	89	57	269	12	691	150	159	5.20302E-05	3145.9	53099	81456	30817	38172	4.66586E-05	6.49557E-07	4.16008E-07	1.96327E-06	8.75807E-08	1.09476E-06	1.16044E-06	5.04319E-06	46	45	7129	518	7.3	1906	90	4.7	3367	329	9.8	2003	9	95	284	315	666	577	57	0	245000	6029	3783	3776	3639	137	0	7	2246	3186	1787	1787	1718
29781793.75	22193.42058	47	46	185	4019	4718	4019004718	47.18	Tract 47.18	2522	2485	2305	35	19	93	4	211	29	37	8.46826E-05	683.79	51518	60000	36875	31500	7.73963E-05	1.17521E-06	6.37974E-07	3.12271E-06	1.3431E-07	9.73749E-07	1.24237E-06	7.08487E-06	47	46	2349	211	9	636	57	9	1110	72	6.5	478	0	0	38	89	200	143	8	0	269700	1962	1216	1200	1160	40	0	16	746	1066	554	554	547
111333020.6	51406.21531	48	50	178	4019	4711	4019004711	47.11	Tract 47.11	3632	3562	3388	29	6	81	4	279	54	70	3.26228E-05	2556.21	71071	87727	45125	53743	3.04312E-05	2.6048E-07	5.38924E-08	7.27547E-07	3.59282E-08	4.85031E-07	6.28744E-07	2.506E-06	48	50	3632	191	5.3	1067	32	3	1758	112	6.4	1212	8	26	176	238	288	250	203	23	254500	3090	1770	1770	1712	58	0	0	1320	1611	796	796	764
20591381.02	19267.21331	49	47	153	4019	4617	4019004617	46.17	Tract 46.17	2801	2735	2491	81	33	49	3	348	78	66	0.000136028	472.78	38315	47500	32063	25970	0.000120973	3.93368E-06	1.60261E-06	2.37964E-06	1.45692E-07	3.78799E-06	3.20522E-06	1.69003E-05	49	47	2830	258	9.1	710	54	7.6	1524	124	8.1	484	10	150	136	74	106	8	0	0	120700	2517	1523	1510	1457	53	0	13	994	1372	721	721	694
45584408.32	27862.66429	50	48	147	4019	4610	4019004610	46.1	Tract 46.10	5587	5397	4716	115	64	110	5	1097	387	190	0.000122564	1046.62	46130	48367	26518	16697	0.000103456	2.52279E-06	1.40399E-06	2.41311E-06	1.09687E-07	8.48974E-06	4.16809E-06	2.40652E-05	50	48	5557	398	7.2	1456	84	5.8	1914	158	8.3	1356	0	863	476	5	12	0	0	0	96500	4073	3015	3011	2905	106	0	4	1058	2119	1408	1408	1349
46373651.93	29391.49094	51	49	152	4019	4616	4019004616	46.16	Tract 46.16	2330	2282	2091	36	15	47	1	300	92	48	5.0244E-05	1064.74	47574	65050	36979	24788	4.50903E-05	7.76303E-07	3.2346E-07	1.01351E-06	2.1564E-08	1.98389E-06	1.03507E-06	6.46919E-06	51	49	2296	224	9.8	518	17	3.3	966	75	7.8	408	0	24	148	143	93	0	0	0	159600	1974	840	840	808	32	0	0	1134	1177	367	367	359
38560505.94	29140.86868	52	51	143	4019	4506	4019004506	45.06	Tract 45.06	4821	4674	3995	37	77	15	2	1240	548	147	0.000125024	885.35	27388	29839	16294	12308	0.000103603	9.59531E-07	1.99686E-06	3.88999E-07	5.18665E-08	1.42114E-05	3.81219E-06	3.21573E-05	52	51	4778	872	18.3	1280	218	17	1803	321	17.8	272	0	210	53	9	0	0	0	0	81400	3509	2117	2110	1963	147	0	7	1392	1841	948	948	858
37331549.97	24821.30422	53	52	154	4019	4618	4019004618	46.18	Tract 46.18	2950	2882	2564	46	33	86	0	450	153	68	7.90216E-05	857.13	41989	49188	28220	22292	6.86819E-05	1.2322E-06	8.83971E-07	2.30368E-06	0	4.09841E-06	1.82152E-06	1.20541E-05	53	52	2948	266	9	785	56	7.1	1381	96	7	898	0	389	303	142	64	0	0	0	108900	2448	1497	1488	1461	27	0	9	951	1410	794	794	779
358899337	98887.75639	54	53	93	4019	4051	4019004051	40.51	Tract 40.51	4910	4835	4688	24	28	39	1	340	55	75	1.36807E-05	8240.33	83350	89911	56845	34507	1.30622E-05	6.68711E-08	7.80163E-08	1.08666E-07	2.7863E-09	1.53246E-07	2.08972E-07	9.47341E-07	54	53	4876	105	2.2	1430	22	1.5	1761	29	1.6	1524	0	9	150	201	645	379	124	16	246300	3766	2513	2513	2457	56	0	0	1253	1822	1066	1066	1042
121543810	49371.25559	55	55	69	4019	4025	4019004025	40.25	Tract 40.25	6262	6159	5747	87	28	138	4	519	155	103	5.15205E-05	2790.65	76599	84590	42578	35952	4.72834E-05	7.15791E-07	2.3037E-07	1.13539E-06	3.29099E-08	1.27526E-06	8.47431E-07	4.27007E-06	55	55	6252	138	2.2	1888	29	1.5	2455	47	1.9	1885	0	24	299	314	837	347	46	18	233600	4941	3190	3130	3036	94	0	60	1751	2561	1423	1407	1364
40973312.86	30658.23	56	56	190	4019	4723	4019004723	47.23	Tract 47.23	4999	4885	4366	114	23	259	5	443	118	114	0.000122006	940.75	56250	65455	46776	30160	0.000106557	2.7823E-06	5.61341E-07	6.32119E-06	1.22031E-07	2.87992E-06	2.7823E-06	1.08119E-05	56	56	5112	118	2.3	1406	28	2	2299	36	1.6	1167	0	69	393	339	335	31	0	0	161300	4000	2827	2731	2612	119	0	96	1173	2044	1294	1284	1220
77985239.54	46380.58951	57	58	189	4019	4722	4019004722	47.22	Tract 47.22	2739	2714	2624	10	6	43	0	143	31	25	3.5122E-05	1790.54	78752	102042	48563	49805	3.36474E-05	1.28229E-07	7.69376E-08	5.51386E-07	0	3.97511E-07	3.20573E-07	1.83368E-06	57	58	2708	52	1.9	906	0	0	1278	22	1.7	1177	8	26	106	171	522	301	43	0	240100	2371	1085	1078	1049	29	0	7	1286	1260	481	481	462
31644909.87	25200.4718	58	57	187	4019	4720	4019004720	47.2	Tract 47.20	1481	1464	1374	18	12	37	2	95	21	17	4.68006E-05	726.57	62778	68021	56654	40531	4.34193E-05	5.68812E-07	3.79208E-07	1.16922E-06	6.32013E-08	6.63614E-07	5.37211E-07	3.00206E-06	58	57	1432	34	2.4	463	9	1.9	776	26	3.4	586	19	0	135	158	205	62	7	0	193100	1277	620	620	616	4	0	0	657	710	283	283	283
98791665.19	42789.961	59	54	179	4019	4712	4019004712	47.12	Tract 47.12	3057	2970	2798	27	10	81	1	224	53	87	3.09439E-05	2268.26	67500	95922	30484	44348	2.83222E-05	2.73302E-07	1.01223E-07	8.19907E-07	1.01223E-08	5.36483E-07	8.80641E-07	2.2674E-06	59	54	3078	220	7.1	856	30	3.5	1406	117	8.3	862	0	25	43	77	212	357	113	35	331600	2593	1690	1683	1590	93	0	7	903	1322	772	772	740
77081872.77	39203.5494	60	59	191	4019	4724	4019004724	47.24	Tract 47.24	2381	2340	2202	30	5	70	0	161	33	41	3.08892E-05	1769.8	80701	88394	56111	46260	2.8567E-05	3.89197E-07	6.48661E-08	9.08125E-07	0	4.28116E-07	5.31902E-07	2.08869E-06	60	59	2381	30	1.3	813	7	0.9	1013	22	2.2	914	0	8	104	143	366	261	32	0	250000	2077	1298	1298	1279	19	0	0	779	1013	567	567	561
50723692.68	34066.21658	61	60	144	4019	4507	4019004507	45.07	Tract 45.07	7367	7095	6269	62	127	65	4	1490	568	272	0.000145238	1164.62	29839	35088	19344	17038	0.000123591	1.22231E-06	2.50376E-06	1.28145E-06	7.88586E-08	1.11979E-05	5.36239E-06	2.93748E-05	61	60	7277	904	12.4	1882	189	10	3096	368	11.9	946	48	807	91	0	0	0	0	0	83200	5725	3382	3382	3150	232	0	0	2343	3078	1665	1665	1517
48366951.57	66992.4668	62	61	177	4019	4710	4019004710	47.1	Tract 47.10	4105	3989	3557	69	62	123	8	473	170	116	8.4872E-05	1110.51	29400	44931	23125	22241	7.3542E-05	1.42659E-06	1.28187E-06	2.54306E-06	1.65402E-07	3.5148E-06	2.39833E-06	9.7794E-06	62	61	4056	771	19	725	57	7.9	2270	390	17.2	344	0	117	154	0	66	7	0	0	118800	3825	2151	2128	1965	163	0	23	1674	2158	993	980	909
79105928.89	43428.77063	63	66	92	4019	4050	4019004050	40.5	Tract 40.50	1966	1945	1880	7	11	31	5	124	11	21	2.48528E-05	1816.27	71122	72340	61500	29239	2.37656E-05	8.84889E-08	1.39054E-07	3.9188E-07	6.32064E-08	1.39054E-07	2.65467E-07	1.56752E-06	63	66	2057	67	3.3	635	17	2.7	731	17	2.3	626	0	14	24	198	237	135	18	0	232600	1551	990	983	983	0	0	7	561	800	440	440	440
40282259.56	26949.05889	64	64	96	4019	4054	4019004054	40.54	Tract 40.54	1626	1589	1478	20	6	47	4	149	34	37	4.03652E-05	924.88	87950	90177	42308	32359	3.66911E-05	4.96496E-07	1.48949E-07	1.16677E-06	9.92993E-08	8.44044E-07	9.18518E-07	3.6989E-06	64	64	1610	0	0	516	0	0	598	0	0	568	0	26	102	210	142	88	0	0	188100	1243	809	802	783	19	0	7	434	653	377	377	370
78137128.13	46424.21852	65	63	95	4019	4053	4019004053	40.53	Tract 40.53	3079	3028	2834	46	19	57	3	295	69	51	3.94051E-05	1794.03	73315	80650	27969	34038	3.62696E-05	5.88709E-07	2.43162E-07	7.29487E-07	3.8394E-08	8.83063E-07	6.52699E-07	3.77541E-06	65	63	3119	56	1.8	942	12	1.3	1211	34	2.8	854	0	30	115	507	131	62	9	0	177200	2524	1963	1963	1868	95	0	0	561	1296	943	943	911
54773587.87	39834.70748	66	67	188	4019	4721	4019004721	47.21	Tract 47.21	3030	2961	2629	55	21	144	9	247	103	69	5.53186E-05	1257.6	51771	78965	37194	36320	4.79976E-05	1.00413E-06	3.83396E-07	2.629E-06	1.64313E-07	1.88047E-06	1.25973E-06	4.50947E-06	66	67	2827	222	7.9	696	40	5.7	1465	112	7.6	782	0	0	99	235	277	140	31	0	219500	2595	1851	1827	1727	100	0	24	744	1351	824	812	742
31638054.03	25336.96374	67	62	145	4019	4508	4019004508	45.08	Tract 45.08	4648	4464	3768	66	57	59	18	1093	496	184	0.000146912	726.41	23197	29568	17062	14161	0.000119097	2.0861E-06	1.80163E-06	1.86484E-06	5.68935E-07	1.56773E-05	5.81578E-06	3.4547E-05	67	62	4643	952	20.5	1199	213	17.8	2164	388	17.9	362	21	293	22	0	26	0	0	0	79300	3855	1926	1926	1835	91	0	0	1929	2062	799	799	751
37075845.93	27990.74147	68	65	146	4019	4509	4019004509	45.09	Tract 45.09	7320	6990	5626	178	160	196	10	1823	820	330	0.000197433	851.26	23318	29375	16967	12558	0.000151743	4.80097E-06	4.31548E-06	5.28646E-06	2.69717E-07	2.21168E-05	8.90067E-06	4.91695E-05	68	65	7300	2357	32.3	1477	280	19	3372	992	29.4	715	12	559	118	10	0	7	9	0	78900	5950	3796	3796	3636	160	0	0	2154	3124	1911	1911	1812
30942179.19	28628.0546	69	68	33	4019	2701	4019002701	27.01	Tract 27.01	5862	5640	4612	178	134	135	10	1194	571	222	0.00018945	710.43	22454	29115	19240	17014	0.000149052	5.75267E-06	4.33066E-06	4.36298E-06	3.23183E-07	1.84538E-05	7.17467E-06	3.85881E-05	69	68	5844	1501	25.7	1194	206	17.3	2972	780	26.2	593	0	218	121	192	42	20	0	0	131000	4878	3288	3270	3111	159	0	18	1590	2489	1586	1586	1515
35567524.76	30289.72813	70	69	34	4019	2702	4019002702	27.02	Tract 27.02	4885	4726	3930	139	87	180	5	752	385	159	0.000137344	816.63	29733	39340	21985	21719	0.000110494	3.90806E-06	2.44605E-06	5.0608E-06	1.40578E-07	1.08245E-05	4.47037E-06	2.11429E-05	70	69	4867	989	20.3	1067	132	12.4	2567	406	15.8	1021	9	310	333	263	78	28	0	0	119900	4176	2806	2806	2675	131	0	0	1370	2167	1367	1367	1334
100520566.4	47712.82392	71	70	141	4019	4504	4019004504	45.04	Tract 45.04	5996	5778	4564	160	95	81	6	1899	872	218	5.96495E-05	2307.95	26035	31082	16903	14287	4.54036E-05	1.59171E-06	9.4508E-07	8.05805E-07	5.96893E-08	8.67484E-06	2.16871E-06	1.88917E-05	71	70	5806	1206	20.8	1489	253	17	2706	473	17.5	460	14	245	176	25	0	0	0	0	96400	4722	2921	2921	2661	260	0	0	1801	2453	1312	1312	1188
88945762.06	45992.90414	72	75	97	4019	4055	4019004055	40.55	Tract 40.55	3219	3137	2865	78	14	119	0	263	61	82	3.61906E-05	2042.19	68350	79168	45000	34319	3.22106E-05	8.76939E-07	1.57399E-07	1.33789E-06	0	6.85811E-07	9.2191E-07	2.95686E-06	72	75	3195	154	4.8	941	33	3.5	1273	60	4.7	774	0	8	52	202	249	211	44	8	243400	2486	1620	1574	1526	48	0	46	866	1295	755	755	745
22871665.13	22742.20714	73	74	32	4019	2602	4019002602	26.02	Tract 26.02	5367	5145	3763	209	205	207	12	1533	749	222	0.000234657	525.13	24419	31515	18616	14077	0.000164527	9.13794E-06	8.96306E-06	9.0505E-06	5.24667E-07	3.27479E-05	9.70633E-06	6.70262E-05	73	74	5360	1265	23.6	1110	225	20.3	2508	596	23.8	663	7	456	167	23	0	0	10	0	80100	4327	2982	2977	2785	192	0	5	1345	2196	1515	1510	1411
19989581.88	20729.57549	74	73	142	4019	4505	4019004505	45.05	Tract 45.05	3652	3563	2967	58	70	67	7	858	394	89	0.000182695	458.96	26603	35129	15000	19353	0.000148427	2.90151E-06	3.50182E-06	3.35175E-06	3.50182E-07	1.97103E-05	4.45232E-06	4.29224E-05	74	73	3607	559	15.5	969	124	12.8	1669	261	15.6	534	37	431	57	0	9	0	0	0	85300	3006	1388	1388	1273	115	0	0	1618	1717	691	691	642
139426156.4	70617.75381	75	71	131	4019	4411	4019004411	44.11	Tract 44.11	3160	3046	2373	101	63	71	2	1128	436	114	2.26643E-05	3201.22	47344	62425	28633	24752	1.70198E-05	7.24398E-07	4.51852E-07	5.0923E-07	1.43445E-08	3.1271E-06	8.17637E-07	8.0903E-06	75	71	3241	286	8.8	863	19	2.2	1454	128	8.8	944	8	230	253	266	123	64	0	0	146000	2730	2072	2072	1999	73	0	0	658	1427	985	985	951
70985378.53	36822.93126	76	72	132	4019	4412	4019004412	44.12	Tract 44.12	2415	2317	1903	57	31	39	1	790	286	98	3.40211E-05	1629.82	50000	51939	37222	27376	2.68083E-05	8.02982E-07	4.3671E-07	5.49409E-07	1.40874E-08	4.029E-06	1.38057E-06	1.11291E-05	76	72	2372	264	11.1	598	55	9.2	1016	94	9.3	775	0	227	312	109	117	0	10	0	127900	1958	1421	1421	1385	36	0	0	537	1061	745	745	739
46686997.52	35385.89029	77	77	39	4019	2903	4019002903	29.03	Tract 29.03	5921	5664	4566	236	111	372	7	1031	372	257	0.000126823	1071.93	31102	40240	25062	22590	9.78002E-05	5.05494E-06	2.37754E-06	7.96796E-06	1.49935E-07	7.96796E-06	5.50474E-06	2.20832E-05	77	77	5899	795	13.5	1381	139	10.1	3009	408	13.6	1240	6	498	570	113	33	20	0	0	106000	4878	3389	3380	3169	211	0	9	1489	2658	1663	1654	1554
35480637.5	25088.06224	78	76	31	4019	2601	4019002601	26.01	Tract 26.01	7018	6644	4013	433	313	214	8	2966	1663	374	0.000197798	814.64	19710	21156	15735	10817	0.000113104	1.22038E-05	8.82171E-06	6.03146E-06	2.25475E-07	4.68706E-05	1.0541E-05	8.35949E-05	78	76	6936	2271	32.7	1438	461	32.1	2994	977	32.6	292	19	210	34	22	7	0	0	0	75900	5084	3235	3230	2981	249	0	5	1849	2520	1457	1457	1329
12485980.91	16240.61269	79	78	35	4019	2801	4019002801	28.01	Tract 28.01	2583	2472	1985	99	59	66	2	666	261	111	0.000206872	286.68	22958	24951	19855	12550	0.000158978	7.92889E-06	4.7253E-06	5.28593E-06	1.6018E-07	2.09034E-05	8.88997E-06	5.33398E-05	79	78	2580	816	31.6	527	107	20.3	1281	346	27	137	0	96	20	10	11	0	0	0	79200	2091	1253	1244	1201	43	0	9	838	984	546	546	513
15149227.63	18524.06051	80	79	18	4019	1700	4019001700	17	Tract 17	3012	2931	2570	84	35	50	2	404	190	81	0.000198822	347.83	31174	39896	25938	22731	0.000169646	5.54484E-06	2.31035E-06	3.3005E-06	1.3202E-07	1.25419E-05	5.34681E-06	2.6668E-05	80	79	3012	423	14	717	57	7.9	1501	189	12.6	713	0	286	321	93	13	0	0	0	109000	2570	1796	1784	1728	56	0	12	774	1357	895	895	879
44950920.02	30235.67416	81	80	72	4019	4030	4019004030	40.3	Tract 40.30	1829	1804	1763	5	2	9	0	120	25	25	4.06888E-05	1032.07	75733	82721	40625	41196	3.92206E-05	1.11232E-07	4.4493E-08	2.00218E-07	0	5.56162E-07	5.56162E-07	2.66958E-06	81	80	1876	31	1.7	585	0	0	731	23	3.1	631	0	21	132	186	82	185	18	7	190700	1456	919	919	913	6	0	0	537	789	415	415	415
42125670.72	32787.79527	82	81	41	4019	3001	4019003001	30.01	Tract 30.01	6315	6105	5227	257	83	160	5	978	373	210	0.000149909	967.21	29057	36793	21175	19096	0.000124081	6.10079E-06	1.9703E-06	3.79816E-06	1.18692E-07	8.85446E-06	4.98508E-06	2.32162E-05	82	81	5869	874	14.9	1315	134	10.2	3265	433	13.3	977	26	465	351	56	49	30	0	0	99800	5459	3200	3114	2968	146	0	86	2259	2986	1541	1524	1457
25207799.28	20753.30064	83	83	73	4019	4031	4019004031	40.31	Tract 40.31	3637	3553	3267	81	19	68	2	365	116	84	0.000144281	578.77	51271	55758	31028	27249	0.000129603	3.21329E-06	7.53735E-07	2.69758E-06	7.93405E-08	4.60175E-06	3.3323E-06	1.44796E-05	83	83	3615	170	4.7	1016	16	1.6	1769	95	5.4	1083	16	35	440	421	153	18	0	0	155100	3044	1911	1842	1778	64	0	69	1133	1611	941	929	900
13861774.54	15777.33483	84	82	36	4019	2802	4019002802	28.02	Tract 28.02	4140	3939	2974	194	80	58	5	1117	628	201	0.000298663	318.27	24397	25144	22044	12817	0.000214547	1.39953E-05	5.77127E-06	4.18417E-06	3.60704E-07	4.53044E-05	1.45003E-05	8.05813E-05	84	82	4182	1284	30.7	970	265	27.3	1925	468	24.3	302	0	267	35	0	0	0	0	0	83100	3187	2434	2422	2238	184	0	12	753	1582	1112	1112	1057
31500257.1	23835.45036	85	84	40	4019	2904	4019002904	29.04	Tract 29.04	3499	3405	3123	58	27	58	3	415	136	94	0.000111078	723.25	33814	46750	26165	23782	9.9142E-05	1.84125E-06	8.57136E-07	1.84125E-06	9.52373E-08	4.31743E-06	2.9841E-06	1.31745E-05	85	84	3288	232	7.1	811	36	4.4	1752	95	5.4	840	34	393	319	44	16	14	10	10	99500	2901	1372	1362	1335	27	0	10	1529	1740	770	760	754
28141468.12	22355.5377	86	85	13	4019	1301	4019001301	13.01	Tract 13.01	8500	8091	4787	296	304	397	26	3972	2281	409	0.000302045	646.13	21085	26173	15658	10648	0.000170105	1.05183E-05	1.08026E-05	1.41073E-05	9.23903E-07	8.10548E-05	1.45337E-05	0.000141144	86	85	8430	3050	36.2	1792	585	32.6	3649	1166	32	734	143	554	31	6	0	0	0	0	65300	6397	3969	3963	3580	383	0	6	2428	3078	1662	1662	1528
8877350.386	16940.78893	87	86	37	4019	2803	4019002803	28.03	Tract 28.03	2167	2087	1746	53	54	24	2	446	208	80	0.000244104	203.82	24542	31583	19549	16005	0.00019668	5.97025E-06	6.0829E-06	2.70351E-06	2.25292E-07	2.34304E-05	9.0117E-06	5.02402E-05	87	86	2096	212	10.1	445	13	2.9	1033	133	12.9	356	9	242	105	0	0	0	0	0	87600	1756	1264	1264	1193	71	0	0	492	957	629	629	619
28544476.76	21466.50331	88	87	38	4019	2901	4019002901	29.01	Tract 29.01	5942	5727	4831	249	102	118	5	1236	422	215	0.000208166	655.38	26869	29055	22658	15975	0.000169245	8.72323E-06	3.57337E-06	4.1339E-06	1.75165E-07	1.47839E-05	7.53211E-06	4.33008E-05	88	87	5905	1180	20	1391	250	18	2727	536	19.7	1029	52	754	178	19	17	9	0	0	86300	4966	3221	3195	2999	196	0	26	1745	2446	1425	1425	1308
25408583.05	24651.12777	89	90	17	4019	1600	4019001600	16	Tract 16	3796	3701	3311	61	34	97	0	436	198	95	0.000149398	583.38	35000	51316	22154	24589	0.00013031	2.40076E-06	1.33813E-06	3.81761E-06	0	7.79264E-06	3.73889E-06	1.71596E-05	89	90	3786	659	17.4	840	72	8.6	1914	349	18.2	959	9	327	314	173	65	58	13	0	118900	3278	2072	2072	2005	67	0	0	1206	1735	960	960	925
26573945.36	22738.81768	90	89	16	4019	1500	4019001500	15	Tract 15	4745	4586	3807	102	96	320	4	681	257	159	0.000178558	610.14	24158	41404	19186	17095	0.000143261	3.83835E-06	3.61256E-06	1.20419E-05	1.50523E-07	9.67113E-06	5.9833E-06	2.56266E-05	90	89	4637	1388	29.9	764	72	9.4	2349	653	27.8	793	0	376	309	92	8	8	0	0	102800	4348	2842	2833	2650	183	0	9	1506	1985	1199	1190	1128
22358355.16	22063.14135	91	88	15	4019	1400	4019001400	14	Tract 14	5174	5000	3280	585	108	458	10	1185	559	174	0.000231412	513.35	21838	30743	17917	15714	0.000146701	2.61647E-05	4.83041E-06	2.04845E-05	4.4726E-07	2.50018E-05	7.78233E-06	5.30003E-05	91	88	5166	1737	33.6	803	129	16.1	2303	738	32	701	14	530	116	33	8	0	0	0	84400	4514	2936	2885	2625	260	0	51	1578	2156	1386	1361	1196
150469761.5	67034.92992	92	92	87	4019	4045	4019004045	40.45	Tract 40.45	1977	1957	1914	6	8	13	4	129	12	20	1.31389E-05	3454.79	82885	91664	22083	46127	1.27202E-05	3.98751E-08	5.31668E-08	8.63961E-08	2.65834E-08	7.97502E-08	1.32917E-07	8.57315E-07	92	92	1985	19	1	613	0	0	692	3	0.4	570	0	17	27	66	252	181	27	0	267100	1498	841	841	834	7	0	0	657	832	332	332	332
28230412.1	31885.47257	93	91	89	4019	4047	4019004047	40.47	Tract 40.47	3192	3127	2907	43	28	62	6	282	81	65	0.00011307	648.17	60933	62295	40521	27592	0.000102974	1.52318E-06	9.91838E-07	2.19621E-06	2.12537E-07	2.86925E-06	2.30248E-06	9.98923E-06	93	91	3179	144	4.5	961	22	2.3	1244	40	3.2	1062	17	106	554	376	9	0	0	0	139500	2571	1613	1588	1541	47	0	25	958	1378	768	768	730
37967178.19	31924.00422	94	93	19	4019	1800	4019001800	18	Tract 18	7975	7685	6147	389	139	301	7	1640	702	290	0.00021005	871.73	25615	31148	20635	16777	0.000161903	1.02457E-05	3.66106E-06	7.9279E-06	1.8437E-07	1.84897E-05	7.63818E-06	4.31952E-05	94	93	7959	1828	23	1729	338	19.5	4043	751	18.6	1077	74	522	317	140	16	0	8	0	95000	6513	4291	4278	4010	268	0	13	2222	3317	2032	2019	1900
49545466.92	38259.77273	95	96	83	4019	4041	4019004041	40.41	Tract 40.41	1072	1038	946	11	16	9	0	184	56	34	2.16367E-05	1137.56	47470	53906	31125	17821	1.90936E-05	2.22018E-07	3.22936E-07	1.81651E-07	0	1.13027E-06	6.86238E-07	3.71376E-06	95	96	1193	199	16.7	304	28	9.2	361	33	9.1	274	6	35	137	38	32	12	14	0	135100	897	505	505	488	17	0	0	392	404	188	188	188
36459877.06	26079.09997	96	95	74	4019	4032	4019004032	40.32	Tract 40.32	3209	3126	2858	71	21	58	6	386	112	83	8.80146E-05	837.12	41607	49844	36769	25225	7.83875E-05	1.94735E-06	5.75976E-07	1.59079E-06	1.64564E-07	3.07187E-06	2.27648E-06	1.0587E-05	96	95	3162	138	4.4	859	16	1.9	1473	49	3.3	1080	15	439	517	103	6	0	0	0	110100	2736	1804	1779	1738	41	0	25	932	1480	890	890	880
21959972.58	19946.39652	97	99	88	4019	4046	4019004046	40.46	Tract 40.46	4554	4413	3814	170	25	235	10	527	159	141	0.000207377	504.2	47538	60343	26273	23635	0.00017368	7.74136E-06	1.13843E-06	1.07013E-05	4.55374E-07	7.24045E-06	6.42077E-06	2.39982E-05	97	99	4535	252	5.6	1194	40	3.4	1970	119	6	1043	8	152	409	298	176	0	0	0	143700	3586	2410	2364	2336	28	0	46	1176	1949	1139	1126	1116
30959727.6	22107.12467	98	94	133	4019	4413	4019004413	44.13	Tract 44.13	3204	3110	2439	90	47	118	4	1132	412	94	0.000103489	710.84	60755	60610	50089	28131	7.87798E-05	2.907E-06	1.5181E-06	3.8114E-06	1.292E-07	1.33076E-05	3.0362E-06	3.65636E-05	98	94	3213	193	6	975	47	4.8	1248	64	5.1	1090	0	239	653	160	38	0	0	0	124600	2617	1914	1887	1832	55	0	27	703	1310	895	895	860
17879594.37	17394.19836	99	100	14	4019	1302	4019001302	13.02	Tract 13.02	2124	2009	1148	167	109	55	9	1032	521	115	0.000118795	410.52	10587	22601	7385	8694	6.42073E-05	9.34026E-06	6.09634E-06	3.07613E-06	5.03367E-07	2.91394E-05	6.43191E-06	5.77194E-05	99	100	2131	917	43	375	116	30.9	1022	496	48.5	98	19	70	9	0	0	0	0	0	74200	1670	711	711	643	68	0	0	959	762	262	262	235
42418460.37	27983.17324	100	98	12	4019	1200	4019001200	12	Tract 12	3752	3607	1519	184	551	26	2	2534	1325	145	8.84521E-05	973.93	27697	31068	12411	11404	3.58099E-05	4.33773E-06	1.29896E-05	6.12941E-07	4.71493E-08	3.12364E-05	3.41832E-06	5.97381E-05	100	98	3593	722	20.1	815	159	19.5	1111	237	21.3	494	137	340	17	0	0	0	0	0	63200	2626	1461	1461	1311	150	0	0	1165	1378	719	719	669
19180325.25	18833.68123	101	97	134	4019	4414	4019004414	44.14	Tract 44.14	2903	2801	1998	138	99	126	9	1255	431	102	0.000151353	440.38	37212	43688	28553	17502	0.000104169	7.19487E-06	5.16154E-06	6.56923E-06	4.69231E-07	2.24709E-05	5.31795E-06	6.54316E-05	101	97	3010	562	18.7	709	57	8	1127	156	13.8	632	0	135	448	49	0	0	0	0	116500	2437	1828	1828	1787	41	0	0	609	1296	956	956	927
61789909.18	34749.79763	102	101	63	4019	4001	4019004001	40.01	Tract 40.01	6855	6671	5755	250	47	126	11	1078	482	184	0.00011094	1418.7	31760	44167	26827	23350	9.31382E-05	4.04597E-06	7.60642E-07	2.03917E-06	1.78023E-07	7.80063E-06	2.97783E-06	1.74462E-05	102	101	6638	843	12.7	1654	150	9.1	3428	348	10.2	1499	43	417	669	239	131	0	0	0	122800	5707	3018	2984	2830	154	0	34	2689	3310	1543	1528	1468
3991073821	354644.6785	103	102	130	4019	4410	4019004410	44.1	Tract 44.10	8214	7994	6323	77	177	26	2	2796	1389	220	2.05809E-06	91635.05	38119	41100	28984	15820	1.58429E-06	1.92931E-08	4.4349E-08	6.51454E-09	5.01118E-10	3.48027E-07	5.5123E-08	7.00563E-07	103	102	8185	749	9.2	2227	163	7.3	2964	270	9.1	773	34	311	207	123	88	10	0	0	108800	6197	3938	3916	3774	142	0	22	2259	3124	1790	1784	1712
29357603.31	21838.42179	104	103	42	4019	3002	4019003002	30.02	Tract 30.02	4603	4466	3841	150	45	95	3	839	332	137	0.000156791	674.05	30954	41579	23830	18844	0.000130835	5.10941E-06	1.53282E-06	3.23596E-06	1.02188E-07	1.13088E-05	4.66659E-06	2.85786E-05	104	103	4403	352	8	1120	66	5.9	2147	183	8.5	1077	30	490	443	105	9	0	0	0	101600	3808	2412	2402	2351	51	0	10	1396	2040	1196	1196	1172
21463937.55	21183.23449	105	105	44	4019	3102	4019003102	31.02	Tract 31.02	3898	3756	3119	166	58	77	3	763	333	142	0.000181607	492.81	27228	35278	18716	16508	0.000145314	7.7339E-06	2.70221E-06	3.58741E-06	1.39769E-07	1.55144E-05	6.61575E-06	3.5548E-05	105	105	3775	856	22.7	880	157	17.8	1802	375	20.8	756	0	460	230	47	13	6	0	0	95400	3335	2198	2192	2013	179	0	6	1137	1708	1029	1029	977
23773733.49	23193.49472	106	104	43	4019	3101	4019003101	31.01	Tract 31.01	6245	5918	4656	277	132	128	7	1660	718	327	0.000262685	545.84	21804	28145	16673	13428	0.000195846	1.16515E-05	5.55235E-06	5.38409E-06	2.94443E-07	3.02014E-05	1.37547E-05	6.9825E-05	106	104	6201	1670	26.9	1361	297	21.8	2991	709	23.7	427	38	344	36	0	9	0	0	0	82600	4893	3395	3395	3142	253	0	0	1498	2468	1565	1565	1455
30711958.66	28840.6951	107	106	6	4019	600	4019000600	6	Tract 6	4661	4546	4093	48	33	189	2	453	181	115	0.000151765	705.15	39265	68125	26500	28147	0.000133271	1.56291E-06	1.0745E-06	6.15395E-06	6.51212E-08	5.89347E-06	3.74447E-06	1.475E-05	107	106	4630	799	17.3	988	37	3.7	2210	360	16.3	1093	8	94	442	237	231	51	30	0	150600	4090	2934	2925	2820	105	0	9	1156	2043	1407	1407	1384
20189513.12	21337.43949	108	108	4	4019	400	4019000400	4	Tract 4	3229	3114	2516	63	64	186	3	586	282	115	0.000159935	463.55	20802	32400	16082	15344	0.000124619	3.12043E-06	3.16996E-06	9.2127E-06	1.48592E-07	1.39676E-05	5.69603E-06	2.9025E-05	108	108	3122	1043	33.4	466	102	21.9	1767	533	30.2	348	18	102	95	86	47	0	0	0	121800	2904	2225	2217	2057	160	0	8	679	1317	970	970	921
14419746.11	18937.39263	109	107	3	4019	300	4019000300	3	Tract 3	1454	1407	791	106	63	20	0	719	427	47	0.000100834	331.08	24000	32120	18839	11551	5.48553E-05	7.35103E-06	4.36901E-06	1.38699E-06	0	2.96122E-05	3.25942E-06	4.98622E-05	109	107	1457	447	30.7	283	74	26.1	594	149	25.1	234	36	137	29	28	0	4	0	0	68800	1175	699	699	654	45	0	0	476	624	313	313	303
25964435.53	21476.51628	110	109	5	4019	500	4019000500	5	Tract 5	9936	9645	7830	310	166	920	11	1110	408	291	0.000382677	596.14	14883	29306	12834	6018	0.000301566	1.19394E-05	6.39336E-06	3.54331E-05	4.23656E-07	1.57138E-05	1.12076E-05	4.27508E-05	110	109	3177	1377	43.3	320	61	19.1	1765	748	42.4	192	0	87	105	0	0	0	0	0	105600	9710	4678	4673	4184	489	0	5	5032	5252	2435	2435	2123
113250508.4	53506.92124	111	112	86	4019	4044	4019004044	40.44	Tract 40.44	3853	3761	3477	68	22	95	9	349	90	92	3.40219E-05	2600.23	80325	84004	56705	36485	3.07018E-05	6.00439E-07	1.9426E-07	8.38848E-07	7.94698E-08	7.94698E-07	8.12358E-07	3.08166E-06	111	112	3845	71	1.8	1196	9	0.8	1467	46	3.1	1313	0	11	309	425	427	93	48	0	187500	3080	2069	2018	1946	72	0	51	1011	1560	905	890	863
27736393.86	21178.37944	112	113	84	4019	4042	4019004042	40.42	Tract 40.42	4412	4323	3875	159	31	102	4	480	152	89	0.000159069	636.83	51828	56829	37254	24075	0.000139708	5.73254E-06	1.11767E-06	3.67748E-06	1.44215E-07	5.48016E-06	3.20878E-06	1.73058E-05	112	113	4275	130	3	1188	29	2.4	1816	60	3.3	1184	0	331	690	100	45	18	0	0	118500	3473	2463	2307	2228	79	0	156	1010	1890	1255	1228	1168
28004764.72	21153.30641	113	117	90	4019	4048	4019004048	40.48	Tract 40.48	4654	4522	4109	142	27	95	5	552	144	132	0.000166186	642.99	46904	51641	26522	21688	0.000146725	5.07057E-06	9.64122E-07	3.39228E-06	1.78541E-07	5.14198E-06	4.71348E-06	1.97109E-05	113	117	4637	211	4.6	1389	61	4.4	1845	69	3.7	1223	0	269	796	122	26	0	0	10	120000	3721	2597	2583	2450	133	0	14	1124	1982	1247	1240	1181
27720187.96	21117.32729	114	116	82	4019	4040	4019004040	40.4	Tract 40.40	6995	6746	5828	286	52	162	10	1036	408	249	0.000252343	636.46	31095	37718	22977	19214	0.000210244	1.03174E-05	1.87589E-06	5.84412E-06	3.60748E-07	1.47185E-05	8.98262E-06	3.73735E-05	114	116	6979	602	8.6	1679	86	5.1	3564	285	8	954	16	350	570	18	0	0	0	0	106000	5842	3791	3572	3341	231	0	219	2051	3183	1878	1819	1735
12523736.38	16743.58089	115	114	81	4019	4039	4019004039	40.39	Tract 40.39	2331	2271	2065	62	18	43	4	239	79	60	0.000186127	287.54	23293	34444	18678	24721	0.000164887	4.9506E-06	1.43727E-06	3.43348E-06	3.19394E-07	6.30802E-06	4.7909E-06	1.90838E-05	115	114	2426	251	10.3	538	19	3.5	1573	224	14.2	311	5	216	75	15	0	0	0	0	91600	2283	1021	1021	947	74	0	0	1262	1315	520	520	502
32304428.62	31376.19466	116	115	45	4019	3200	4019003200	32	Tract 32	6152	5924	4991	176	109	170	18	1169	460	228	0.000190438	741.71	31323	35927	22500	18540	0.000154499	5.44817E-06	3.37415E-06	5.26244E-06	5.57199E-07	1.42395E-05	7.05786E-06	3.6187E-05	116	115	6085	1135	18.7	1471	205	13.9	2957	517	17.5	1461	17	698	555	146	31	8	6	0	101000	5033	3469	3460	3278	182	0	9	1564	2598	1665	1665	1590
13056696.95	16448.75077	117	111	11	4019	1100	4019001100	11	Tract 11	2954	2820	1181	21	131	21	3	2686	1463	134	0.000226244	299.78	27317	33347	15455	11001	9.04517E-05	1.60837E-06	1.00332E-05	1.60837E-06	2.29767E-07	0.00011205	1.02629E-05	0.000205718	117	111	2958	645	21.8	694	131	18.9	852	170	20	617	176	405	36	0	0	0	0	0	65800	2175	1194	1194	1050	144	0	0	981	1171	564	564	497
83581480.48	38835.71849	118	110	135	4019	4415	4019004415	44.15	Tract 44.15	1619	1554	1091	36	33	25	0	862	369	65	1.93703E-05	1919.03	42064	46833	34861	24499	1.30531E-05	4.30717E-07	3.94824E-07	2.99109E-07	0	4.41485E-06	7.77684E-07	1.03133E-05	118	110	1458	98	6.7	392	21	5.4	685	41	6	513	9	203	266	31	0	4	0	0	106600	1291	691	673	639	34	0	18	600	704	316	316	301
56016201.69	35867.03255	119	118	20	4019	1900	4019001900	19	Tract 19	3684	3595	3235	48	33	135	9	513	135	89	6.57667E-05	1286.13	37963	56250	24075	33005	5.77511E-05	8.56895E-07	5.89115E-07	2.41002E-06	1.60668E-07	2.41002E-06	1.58883E-06	9.15806E-06	119	118	3675	562	15.3	863	66	7.6	1846	257	13.9	918	0	43	202	252	239	119	49	14	192500	3221	1998	1979	1896	83	0	19	1223	1722	899	899	867
20458936.06	20039.72756	120	119	2	4019	200	4019000200	2	Tract 2	4719	4498	2521	158	296	57	15	3272	1451	221	0.000230657	469.74	22944	25268	16011	12425	0.000123222	7.72279E-06	1.4468E-05	2.78607E-06	7.33176E-07	7.09226E-05	1.08021E-05	0.00015993	120	119	4719	1105	23.4	1085	218	20.1	1998	530	26.5	503	77	367	25	34	0	0	0	0	76500	3592	2119	2119	2046	73	0	0	1473	1909	969	969	958
53361872.21	33610.75711	121	120	46	4019	3301	4019003301	33.01	Tract 33.01	7416	7177	5832	274	109	235	13	1451	714	239	0.000138976	1225.19	30128	39628	23013	22606	0.000109292	5.13475E-06	2.04266E-06	4.40389E-06	2.4362E-07	1.33803E-05	4.47885E-06	2.71917E-05	121	120	7400	1083	14.6	1756	229	13	3787	533	14.1	1366	0	340	567	307	144	8	0	0	132800	6276	4108	4040	3814	226	0	68	2168	3386	1974	1946	1867
8311159.992	14393.96753	122	121	1	4019	100	4019000100	1	Tract 1	605	575	476	38	23	5	0	143	33	30	7.27937E-05	190.82	9464	16250	7679	20262	5.72724E-05	4.57217E-06	2.76736E-06	6.01601E-07	0	3.97056E-06	3.6096E-06	1.72058E-05	122	121	615	301	48.9	40	0	0	406	202	49.8	0	0	0	0	0	0	0	0	0	0	596	295	295	250	45	0	0	301	230	132	132	123
21971250.19	21522.0217	123	123	65	4019	4010	4019004010	40.1	Tract 40.10	3540	3428	2909	96	27	117	4	727	275	112	0.00016112	504.46	31420	37609	25158	17924	0.0001324	4.36935E-06	1.22888E-06	5.32514E-06	1.82056E-07	1.25164E-05	5.09757E-06	3.30887E-05	123	123	3519	298	8.5	884	65	7.4	1655	144	8.7	717	0	376	336	0	5	0	0	0	99200	2842	1663	1611	1521	90	0	52	1179	1572	788	788	745
34557032.12	29322.68557	124	122	7	4019	700	4019000700	7	Tract 7	5124	4896	3536	171	104	129	23	2264	933	228	0.000148277	793.43	30639	31768	21954	16945	0.000102324	4.94834E-06	3.00952E-06	3.73296E-06	6.65566E-07	2.69988E-05	6.59779E-06	6.55149E-05	124	122	5092	873	17.1	1218	165	13.5	2286	451	19.7	1161	19	729	379	34	0	0	0	0	89000	4149	2784	2784	2631	153	0	0	1365	2154	1207	1207	1160
35823211.39	28158.93532	125	125	48	4019	3400	4019003400	34	Tract 34	5958	5778	4863	119	71	134	2	1519	589	180	0.000166317	822.5	40319	44722	30068	21485	0.00013575	3.32187E-06	1.98196E-06	3.74059E-06	5.58297E-08	1.64419E-05	5.02468E-06	4.24027E-05	125	125	5950	504	8.5	1544	95	6.2	2452	223	9.1	1637	44	918	399	161	88	27	0	0	94200	4732	3008	3001	2887	114	0	7	1724	2509	1481	1481	1421
34501283.16	28853.48899	126	124	8	4019	800	4019000800	8	Tract 8	1502	1421	910	105	46	35	22	774	303	81	4.35346E-05	792.15	24890	31087	16150	12762	2.63758E-05	3.04337E-06	1.33328E-06	1.01446E-06	6.37657E-07	8.78228E-06	2.34774E-06	2.24339E-05	126	124	1547	321	20.7	312	45	14.4	651	167	25.7	229	6	167	33	17	6	0	0	0	81100	1210	794	794	745	49	0	0	416	658	388	388	371
170243906.8	63722.18066	127	128	70	4019	4026	4019004026	40.26	Tract 40.26	4134	4049	3720	66	39	74	4	444	146	85	2.42828E-05	3908.8	55141	58673	35543	25594	2.1851E-05	3.87679E-07	2.29083E-07	4.3467E-07	2.34957E-08	8.57593E-07	4.99284E-07	2.60802E-06	127	128	4129	175	4.2	1232	26	2.1	1600	66	4.1	1436	6	375	499	192	186	158	20	0	128000	3295	2186	2168	2125	43	0	18	1109	1687	1045	1039	1015
27880565.92	21187.87788	128	130	85	4019	4043	4019004043	40.43	Tract 40.43	3537	3442	3041	127	20	160	6	432	88	95	0.000126863	640.14	60197	65110	33333	22712	0.000109072	4.55514E-06	7.17346E-07	5.73876E-06	2.15204E-07	3.15632E-06	3.40739E-06	1.54947E-05	128	130	3517	244	6.9	1059	62	5.9	1303	70	5.4	1166	2	83	618	351	112	0	0	0	140900	2731	1869	1826	1771	55	0	43	862	1354	834	834	809
27803723.08	21195.95016	129	132	91	4019	4049	4019004049	40.49	Tract 40.49	2624	2568	2363	63	16	35	3	308	88	56	9.43759E-05	638.37	39350	51509	25435	22708	8.49886E-05	2.26588E-06	5.75463E-07	1.25882E-06	1.07899E-07	3.16504E-06	2.01412E-06	1.10777E-05	129	132	2516	212	8.4	707	51	7.2	1101	62	5.6	731	0	95	568	33	17	18	0	0	125100	2122	1291	1291	1258	33	0	0	831	1146	639	639	626
27891709.31	21192.84521	130	127	47	4019	3302	4019003302	33.02	Tract 33.02	4168	4048	3574	116	48	68	8	685	234	120	0.000149435	640.39	39940	43929	21899	17645	0.000128138	4.15894E-06	1.72094E-06	2.438E-06	2.86824E-07	8.38959E-06	4.30235E-06	2.45593E-05	130	127	4119	313	7.6	1126	53	4.7	1683	140	8.3	1232	35	790	377	5	5	15	0	5	93900	3231	1969	1964	1881	83	0	5	1262	1761	1007	1007	948
34768816.66	23495.217	131	131	67	4019	4015	4019004015	40.15	Tract 40.15	7026	6813	5891	367	82	116	9	1168	348	213	0.000202078	798.29	31745	40009	21758	17169	0.000169433	1.05554E-05	2.35844E-06	3.33632E-06	2.58853E-07	1.0009E-05	6.12618E-06	3.35933E-05	131	131	6939	570	8.2	1683	82	4.9	3257	245	7.5	1151	17	702	401	17	0	6	8	0	94700	5602	3777	3591	3451	140	0	186	1825	3010	1910	1869	1790
12400964.84	22082.11017	132	126	10	4019	1000	4019001000	10	Tract 10	686	626	364	10	44	7	3	455	198	60	5.53183E-05	284.73	18859	19306	17396	9659	2.93526E-05	8.06389E-07	3.54811E-06	5.64472E-07	2.41917E-07	1.59665E-05	4.83833E-06	3.66907E-05	132	126	676	225	33.3	140	46	32.9	301	120	39.9	81	5	34	37	0	0	0	5	0	102700	553	338	338	300	38	0	0	215	299	169	169	151
71481964.34	58333.04166	133	129	26	4019	2501	4019002501	25.01	Tract 25.01	5627	5448	3179	294	224	32	6	3772	1713	179	7.87192E-05	1641.23	26801	30056	15329	10029	4.44728E-05	4.11293E-06	3.13366E-06	4.47665E-07	8.39373E-08	2.39641E-05	2.50413E-06	5.27686E-05	133	129	4220	935	22.2	1014	195	19.2	1249	268	21.5	835	282	527	13	13	0	0	0	0	59700	4566	1553	1553	1376	177	0	0	3013	3083	784	784	693
13879024.09	17854.29566	134	133	9	4019	900	4019000900	9	Tract 9	2938	2768	1861	103	107	31	0	1758	666	170	0.000211686	318.66	22611	25640	14333	14113	0.000134087	7.42127E-06	7.70948E-06	2.23359E-06	0	4.79861E-05	1.22487E-05	0.000126666	134	133	2866	958	33.4	551	149	27	1219	351	28.8	322	47	134	70	28	37	0	6	0	91700	2318	1647	1647	1458	189	0	0	671	1100	700	700	650
26645410.91	32288.04346	135	134	50	4019	3502	4019003502	35.02	Tract 35.02	4672	4478	3354	224	85	95	5	1619	715	194	0.00017534	611.78	27670	34100	18458	15836	0.000125875	8.4067E-06	3.19004E-06	3.56534E-06	1.8765E-07	2.68339E-05	7.2808E-06	6.07609E-05	135	134	4620	1051	22.7	1152	220	19.1	1951	392	20.1	913	0	633	228	37	6	9	0	0	88700	3570	2146	2129	1987	142	0	17	1424	1888	941	934	874
34733593.76	29537.91627	136	135	49	4019	3501	4019003501	35.01	Tract 35.01	8621	8236	5008	624	198	199	43	4009	2164	385	0.000248204	797.48	24952	28528	17028	10872	0.000144183	1.79653E-05	5.70053E-06	5.72932E-06	1.23799E-06	6.23028E-05	1.10844E-05	0.000115421	136	135	8588	1937	22.6	2060	398	19.3	3098	655	21.1	1216	52	1100	43	0	21	0	0	0	74400	6165	4228	4149	3851	298	0	79	1937	3103	1922	1913	1782
51928143.19	35050.73007	137	136	21	4019	2000	4019002000	20	Tract 20	7563	7248	4606	247	212	116	18	4582	2049	315	0.000145644	1192.27	27660	31611	21464	12464	8.86995E-05	4.75657E-06	4.08256E-06	2.23386E-06	3.46633E-07	3.94584E-05	6.06607E-06	8.82373E-05	137	136	7509	1587	21.1	1760	248	14.1	2672	443	16.6	1682	272	1333	70	7	0	0	0	0	69200	5736	3206	3206	2873	333	0	0	2530	2981	1357	1357	1278
13891274.64	15738.75031	138	138	52	4019	3504	4019003504	35.04	Tract 35.04	2848	2740	2141	170	46	102	2	678	279	108	0.000205021	318.94	33527	39714	23060	14559	0.000154126	1.22379E-05	3.31143E-06	7.34274E-06	1.43975E-07	2.00845E-05	7.77466E-06	4.88076E-05	138	138	2848	365	12.8	762	80	10.5	1043	106	10.2	763	12	632	95	17	0	0	0	7	84500	2114	1231	1207	1157	50	0	24	883	1103	540	540	522
16981682.34	21007.65494	139	137	51	4019	3503	4019003503	35.03	Tract 35.03	4608	4351	3006	299	72	122	10	1692	842	257	0.000271351	389.9	29278	32973	20186	11783	0.000177014	1.76072E-05	4.23986E-06	7.18421E-06	5.8887E-07	4.95828E-05	1.5134E-05	9.96368E-05	139	137	4555	809	17.8	1114	162	14.5	1611	276	17.1	715	23	642	50	0	0	0	0	0	71600	3170	2070	2046	1894	152	0	24	1100	1636	977	967	899
45149559.69	29863.53799	140	143	68	4019	4022	4019004022	40.22	Tract 40.22	5969	5821	5171	210	30	147	8	788	255	148	0.000132205	1036.63	46287	51392	30227	24055	0.00011453	4.65121E-06	6.64458E-07	3.25585E-06	1.77189E-07	5.6479E-06	3.27799E-06	1.74531E-05	140	143	5943	213	3.6	1779	59	3.3	2491	86	3.5	2230	0	666	1474	69	9	0	12	0	114600	4922	3134	3113	3016	97	0	21	1788	2666	1603	1594	1551
39224892.15	28713.3292	141	142	66	4019	4011	4019004011	40.11	Tract 40.11	6818	6515	5281	485	57	146	18	1244	528	303	0.000173818	900.6	34688	39272	24191	17386	0.000134634	1.23646E-05	1.45316E-06	3.72213E-06	4.58892E-07	1.34608E-05	7.72469E-06	3.17146E-05	141	142	6773	661	9.8	1825	111	6.1	2766	259	9.4	1380	0	810	546	0	15	0	0	9	96200	5248	3228	3209	3067	142	0	19	2020	2847	1620	1615	1536
26728669.03	21177.32265	142	141	64	4019	4008	4019004008	40.08	Tract 40.08	4934	4723	4002	167	50	87	21	976	396	211	0.000184596	613.69	39145	44063	24643	18060	0.000149727	6.24797E-06	1.87065E-06	3.25493E-06	7.85673E-07	1.48156E-05	7.89415E-06	3.65151E-05	142	141	4914	420	8.5	1338	94	7	1990	187	9.4	1350	16	963	333	19	19	0	0	0	92000	3854	2480	2474	2373	101	0	6	1374	2101	1217	1217	1154
80641074.71	45511.30445	143	140	23	4019	2200	4019002200	22	Tract 22	6538	6233	2404	555	244	45	9	4997	2976	305	8.10753E-05	1851.52	26239	27088	17358	9207	2.98111E-05	6.88235E-06	3.02575E-06	5.58028E-07	1.11606E-07	3.69043E-05	3.78219E-06	6.19659E-05	143	140	6538	1903	29.1	1472	415	28.2	1957	548	28	1062	253	754	39	10	6	0	0	0	62100	4473	2303	2295	2009	286	0	8	2170	2312	955	955	790
39526623.04	30118.90621	144	139	128	4019	4407	4019004407	44.07	Tract 44.07	5402	5133	2154	598	280	26	2	3636	2073	269	0.000136667	907.53	28080	31321	14957	11382	5.44949E-05	1.5129E-05	7.08383E-06	6.57785E-07	5.05988E-08	5.24457E-05	6.80554E-06	9.19886E-05	144	139	5390	1153	21.4	1342	240	17.9	1790	379	21.2	858	129	652	70	7	0	0	0	0	68300	3685	2152	2139	1924	215	0	13	1533	1979	1055	1042	945
28104693.4	23127.95063	145	144	24	4019	2300	4019002300	23	Tract 23	5490	5304	2386	127	502	22	3	4460	2264	186	0.000195341	645.28	14587	17614	9614	8920	8.48969E-05	4.51882E-06	1.78618E-05	7.82787E-07	1.06744E-07	8.05559E-05	6.61811E-06	0.000158692	145	144	5428	2525	46.5	1113	484	43.5	1794	792	44.1	589	306	264	19	0	0	0	0	0	48700	3957	2074	2064	1698	366	0	10	1883	1864	784	784	668
65396012.55	39373.64583	146	145	22	4019	2100	4019002100	21	Tract 21	6629	6352	2650	815	195	86	8	4683	2598	277	0.000101367	1501.49	26557	27525	16250	9106	4.05223E-05	1.24625E-05	2.98183E-06	1.31506E-06	1.22332E-07	3.97272E-05	4.23573E-06	7.16099E-05	146	145	6586	2260	34.3	1448	402	27.8	1804	502	27.8	934	409	516	0	0	9	0	0	0	52600	4494	2483	2483	2224	259	0	0	2011	2296	1056	1056	969
470829390.4	147885.5244	147	147	53	4019	3600	4019003600	36	Tract 36	6898	6464	4453	943	67	229	42	1339	730	434	1.46507E-05	10810.24	32427	33981	11510	10286	9.45778E-06	2.00285E-06	1.42302E-07	4.86376E-07	8.92043E-08	1.55046E-06	9.21778E-07	2.84392E-06	147	147	6244	928	14.9	1597	212	13.3	1770	271	15.3	7	0	7	0	0	0	0	0	0	85000	4222	3363	1596	1462	134	0	1767	859	1912	1230	1001	887
30887556.5	23773.59109	148	146	27	4019	2503	4019002503	25.03	Tract 25.03	3975	3874	2314	93	207	31	0	2341	1229	101	0.000128693	709.18	24789	26935	18813	15617	7.49169E-05	3.01092E-06	6.70173E-06	1.00364E-06	0	3.97895E-05	3.26993E-06	7.5791E-05	148	146	3941	1193	30.3	1030	255	24.8	1498	311	20.8	339	97	188	35	19	0	0	0	0	69300	2901	1389	1389	1302	87	0	0	1512	1551	613	613	579
41794083.54	28340.78515	149	148	127	4019	4404	4019004404	44.04	Tract 44.04	2981	2947	2891	19	17	7	0	70	13	34	7.13259E-05	959.59	32560	36654	21295	24294	6.91725E-05	4.5461E-07	4.06756E-07	1.67488E-07	0	3.11049E-07	8.13512E-07	1.67488E-06	149	148	2973	219	7.4	1016	55	5.4	1735	113	6.5	378	21	122	131	56	48	0	0	0	115800	2905	644	644	613	31	0	0	2261	1614	306	306	281
36503298.77	26592.32733	150	153	99	4019	4057	4019004057	40.57	Tract 40.57	4958	4804	4172	295	17	135	19	687	166	154	0.000135823	838.12	52588	54832	35952	20870	0.000114291	8.08146E-06	4.65711E-07	3.6983E-06	5.20501E-07	4.54753E-06	4.2188E-06	1.88202E-05	150	153	4965	233	4.7	1373	39	2.8	1747	96	5.5	1415	0	395	873	130	17	0	0	0	113700	3852	2881	2862	2785	77	0	19	971	1941	1369	1369	1306
21486465.88	22427.46224	151	152	98	4019	4056	4019004056	40.56	Tract 40.56	2139	2063	1664	144	9	72	14	447	160	76	9.9551E-05	493.33	45643	49293	19491	20366	7.74441E-05	6.70189E-06	4.18868E-07	3.35095E-06	6.51573E-07	7.44655E-06	3.53711E-06	2.08038E-05	151	152	2125	144	6.8	607	30	4.9	756	61	8.1	634	22	324	255	33	0	0	0	0	98500	1536	1121	1088	1006	82	0	33	415	863	592	581	547
21612142.25	24993.49608	152	150	77	4019	4035	4019004035	40.35	Tract 40.35	3312	3191	2702	135	15	52	5	522	282	121	0.000153247	496.21	31094	36651	22472	17805	0.000125022	6.24649E-06	6.94054E-07	2.40605E-06	2.31351E-07	1.30482E-05	5.5987E-06	2.41531E-05	152	150	3287	332	10.1	887	41	4.6	1554	133	8.6	298	7	257	11	15	0	8	0	0	87400	2685	1388	1320	1274	46	0	68	1297	1497	686	669	652
14371459.74	15987.39887	153	149	75	4019	4033	4019004033	40.33	Tract 40.33	4035	3846	2704	383	54	147	14	1037	544	189	0.000280765	329.97	26679	33071	18301	13688	0.000188151	2.665E-05	3.75745E-06	1.02286E-05	9.74153E-07	3.78528E-05	1.31511E-05	7.21569E-05	153	149	3988	815	20.4	1036	194	18.7	1693	281	16.6	703	0	532	171	0	0	0	0	0	86800	2948	2115	1964	1796	168	0	151	833	1389	864	864	755
14101759.28	15850.27233	154	151	79	4019	4037	4019004037	40.37	Tract 40.37	3088	2944	2284	247	33	110	8	684	262	144	0.00021898	323.78	44722	49801	23984	16758	0.000161966	1.75155E-05	2.34013E-06	7.80045E-06	5.67305E-07	1.85792E-05	1.02115E-05	4.85046E-05	154	151	3062	264	8.6	821	43	5.2	1130	84	7.4	716	0	391	325	0	0	0	0	0	98400	2282	1621	1582	1506	76	0	39	661	1217	841	821	788
34775327.82	31679.60214	155	154	25	4019	2400	4019002400	24	Tract 24	6150	5908	2328	67	295	37	5	5344	3176	242	0.00017685	798.44	22191	23042	14781	10104	6.6944E-05	1.92665E-06	8.48303E-06	1.06397E-06	1.4378E-07	9.13291E-05	6.95896E-06	0.000153672	155	154	6115	2185	35.7	1401	430	30.7	1810	582	32.2	914	463	415	28	8	0	0	0	0	49700	4362	2273	2273	2048	225	0	0	2089	2199	835	835	782
13812655.38	15748.24564	156	157	78	4019	4036	4019004036	40.36	Tract 40.36	2883	2775	2262	166	9	79	1	580	258	108	0.000208722	317.14	39375	41900	30515	16786	0.000163763	1.2018E-05	6.51576E-07	5.71939E-06	7.23974E-08	1.86785E-05	7.81892E-06	4.19905E-05	156	157	2749	231	8.4	800	51	6.4	1015	59	5.8	655	9	522	102	6	0	16	0	0	88900	2025	1569	1492	1409	83	0	77	456	997	706	695	691
13888155.65	15931.2087	157	156	80	4019	4038	4019004038	40.38	Tract 40.38	3033	2895	2279	190	28	120	2	693	276	138	0.000218388	318.87	37904	40338	33625	17636	0.000164097	1.36807E-05	2.01611E-06	8.64046E-06	1.44008E-07	1.9873E-05	9.93652E-06	4.98986E-05	157	156	3015	237	7.9	844	71	8.4	1133	80	7.1	724	7	572	145	0	0	0	0	0	86100	2233	1539	1522	1448	74	0	17	694	1150	750	750	695
11929053.66	15802.18252	158	155	76	4019	4034	4019004034	40.34	Tract 40.34	3671	3486	2474	388	50	102	7	1001	465	185	0.000307736	273.89	36531	35175	30764	15108	0.000207393	3.25256E-05	4.19145E-06	8.55055E-06	5.86803E-07	3.89805E-05	1.55084E-05	8.39128E-05	158	155	3696	414	11.2	1037	88	8.5	1336	128	9.6	679	35	504	128	0	12	0	0	0	75400	2603	1962	1899	1818	81	0	63	641	1356	976	966	904
1031162301	155710.0258	159	161	101	4019	4059	4019004059	40.59	Tract 40.59	3338	3239	2881	41	40	30	0	495	247	99	3.23712E-06	23675.49	55000	60107	29563	24399	2.79393E-06	3.9761E-08	3.87912E-08	2.90934E-08	0	2.39536E-07	9.60082E-08	4.80041E-07	159	161	3394	154	4.5	1007	40	4	1238	50	4	765	9	136	188	151	248	33	0	0	167200	2525	1613	1613	1588	25	0	0	912	1221	695	695	688
932168378.2	187537.211	160	158	105	4019	4105	4019004105	41.05	Tract 41.05	4715	4537	3636	134	136	33	4	1554	594	178	5.0581E-06	21402.59	33295	39872	19336	15237	3.90058E-06	1.43751E-07	1.45896E-07	3.54013E-08	4.29107E-09	6.37224E-07	1.90953E-07	1.66708E-06	160	158	3828	327	8.5	1160	82	7.1	1646	152	9.2	473	101	269	77	17	9	0	0	0	74900	4067	1270	1270	1256	14	0	0	2797	1699	525	525	518
74689795.25	40110.4296	161	163	100	4019	4058	4019004058	40.58	Tract 40.58	4378	4176	3422	262	34	156	3	743	299	202	5.86158E-05	1714.88	43176	45327	30625	17472	4.58162E-05	3.50784E-06	4.55216E-07	2.08864E-06	4.01661E-08	4.00322E-06	2.70452E-06	9.94781E-06	161	163	4322	220	5.1	1239	33	2.7	1624	64	3.9	1107	0	482	596	19	10	0	0	0	103400	3238	2435	2347	2271	76	0	88	803	1696	1168	1145	1132
28686439.8	21396.78007	162	162	71	4019	4029	4019004029	40.29	Tract 40.29	4621	4424	3495	279	78	154	6	1031	412	197	0.000161087	658.64	35700	39091	28409	14207	0.000121835	9.72585E-06	2.71905E-06	5.36839E-06	2.09158E-07	1.43622E-05	6.86736E-06	3.59403E-05	162	162	4609	447	9.7	1216	97	8	1566	117	7.5	1220	66	956	198	0	0	0	0	0	84800	3362	2225	2197	2101	96	0	28	1137	1765	1026	1026	970
21630576.06	21724.89153	163	159	28	4019	2504	4019002504	25.04	Tract 25.04	4153	4032	2773	96	114	26	5	2164	1018	121	0.000191997	496.64	28920	30848	17380	12988	0.000128198	4.43816E-06	5.27032E-06	1.202E-06	2.31154E-07	4.7063E-05	5.59393E-06	0.000100044	163	159	4153	786	18.9	1144	160	14	1577	250	15.9	85	22	39	0	13	0	0	11	0	57600	3096	1335	1335	1243	92	0	0	1761	1633	588	588	533
101764041.7	47329.23423	164	160	114	4019	4310	4019004310	43.1	Tract 43.10	1234	1187	848	17	20	14	4	576	284	47	1.21261E-05	2336.5	29632	34107	23281	22230	8.333E-06	1.67053E-07	1.96533E-07	1.37573E-07	3.93066E-08	2.79077E-06	4.61853E-07	5.66015E-06	164	160	1121	221	19.7	287	51	17.8	437	68	15.6	149	11	55	70	6	7	0	0	0	103900	866	431	431	394	37	0	0	435	432	195	195	183
12556693.07	15066.50352	165	164	58	4019	3801	4019003801	38.01	Tract 38.01	4285	4119	1743	23	144	11	0	4003	2198	166	0.000341252	288.3	24647	27244	10156	7924	0.00013881	1.83169E-06	1.1468E-05	8.76027E-07	0	0.000175046	1.322E-05	0.000318794	165	164	4276	1468	34.3	1009	317	31.4	1214	420	34.6	673	249	394	22	8	0	0	0	0	57100	2933	1324	1316	1212	104	0	8	1609	1571	616	616	586
86573121.49	61782.17992	166	165	111	4019	4111	4019004111	41.11	Tract 41.11	5743	5470	2766	314	239	75	11	4073	2065	273	6.6337E-05	1987.72	22750	21916	17344	9124	3.19499E-05	3.62699E-06	2.76067E-06	8.6632E-07	1.2706E-07	2.38527E-05	3.1534E-06	4.70469E-05	166	165	5732	2032	35.5	1418	460	32.4	1800	542	30.1	395	9	337	42	0	0	7	0	0	83800	3588	2208	2182	1946	236	0	26	1380	1932	999	986	910
600350322.6	135821.3357	167	166	123	4019	4319	4019004319	43.19	Tract 43.19	4142	4002	2558	66	85	7	6	2667	1280	140	6.89931E-06	13784.04	33371	32778	21750	11514	4.26085E-06	1.09936E-07	1.41584E-07	1.16599E-08	9.99417E-09	2.13209E-06	2.33197E-07	4.44241E-06	167	166	4237	797	18.8	1024	188	18.4	1261	233	18.5	712	30	529	101	33	8	11	0	0	84200	2905	1800	1800	1693	107	0	0	1105	1516	806	806	734
27630068.46	23397.13309	168	167	29	4019	2505	4019002505	25.05	Tract 25.05	5632	5281	2735	213	214	66	4	3899	2049	351	0.000203836	634.39	35189	36104	25395	13236	9.89864E-05	7.70899E-06	7.74519E-06	2.3887E-06	1.4477E-07	7.41583E-05	1.27036E-05	0.000141114	168	167	5584	881	15.8	1423	224	15.7	1877	276	14.7	997	6	516	475	0	0	0	0	0	99100	3843	2548	2508	2367	141	0	40	1295	2140	1267	1257	1175
30879024.19	23042.4566	169	168	54	4019	3701	4019003701	37.01	Tract 37.01	8042	7771	4118	244	308	39	2	6157	3060	271	0.000260436	708.98	21398	23827	14530	9281	0.000133359	7.9018E-06	9.97441E-06	1.26299E-06	6.47689E-08	9.90964E-05	8.77618E-06	0.000199391	169	168	8013	2695	33.6	1959	621	31.7	2695	812	30.1	765	132	578	27	10	18	0	0	0	68800	5518	3225	3203	3030	173	0	22	2293	2887	1483	1470	1375
14529721.09	16007.28416	170	169	110	4019	4110	4019004110	41.1	Tract 41.10	3747	3606	1612	131	115	65	7	2973	1676	141	0.000257885	333.6	42443	43649	35313	16007	0.000110945	9.016E-06	7.91481E-06	4.47359E-06	4.81771E-07	0.00011535	9.70425E-06	0.000204615	170	169	3765	485	12.9	894	100	11.2	1034	135	13.1	829	37	751	23	0	18	0	0	0	82200	2729	1756	1756	1670	86	0	0	973	1440	867	867	820
31125611.04	23969.24882	171	171	59	4019	3802	4019003802	38.02	Tract 38.02	5454	5207	2688	66	219	45	9	4938	2180	247	0.000175225	714.64	26503	27718	14783	8903	8.63598E-05	2.12044E-06	7.03601E-06	1.44575E-06	2.89151E-07	7.00388E-05	7.93559E-06	0.000158647	171	171	5438	1566	28.8	1289	351	27.2	1549	415	26.8	825	143	631	51	0	0	0	0	0	63100	3744	1722	1715	1538	177	0	7	2022	1947	834	834	739
21350582.04	20708.72857	172	170	60	4019	3901	4019003901	39.01	Tract 39.01	2356	2273	853	33	116	5	3	2123	1263	83	0.000110348	490.21	31920	29875	24318	9576	3.99521E-05	1.54563E-06	5.43311E-06	2.34186E-07	1.40511E-07	5.91553E-05	3.88748E-06	9.94352E-05	172	170	2384	423	17.7	525	73	13.9	603	84	13.9	520	125	376	19	0	0	0	0	0	64500	1752	944	944	895	49	0	0	808	864	436	436	408
120162654.6	49036.6745	173	172	115	4019	4311	4019004311	43.11	Tract 43.11	3634	3507	2276	64	132	17	7	2108	1011	127	3.02423E-05	2758.93	50534	50650	35156	18481	1.8941E-05	5.32611E-07	1.09851E-06	1.41475E-07	5.82544E-08	8.4136E-06	1.0569E-06	1.75429E-05	173	172	3690	431	11.7	965	82	8.5	1241	137	11	827	0	299	398	90	40	0	0	0	110600	2756	1761	1741	1688	53	0	20	995	1429	906	906	889
56420628.7	45470.34029	174	173	116	4019	4312	4019004312	43.12	Tract 43.12	5899	5698	3295	100	241	50	4	3601	2008	201	0.000104554	1295.42	38214	41296	17391	13749	5.84006E-05	1.7724E-06	4.27149E-06	8.86201E-07	7.08961E-08	3.55898E-05	3.56253E-06	6.38242E-05	174	173	5830	765	13.1	1428	130	9.1	1846	199	10.8	984	63	719	175	9	18	0	0	0	88300	4234	2470	2470	2380	90	0	0	1764	2144	1122	1122	1106
21528689.61	23566.62452	175	175	112	4019	4112	4019004112	41.12	Tract 41.12	2994	2863	1646	132	57	16	3	1898	1009	131	0.00013907	494.3	36288	40432	16625	11033	7.64561E-05	6.13135E-06	2.64763E-06	7.43194E-07	1.39349E-07	4.68677E-05	6.0849E-06	8.81614E-05	175	175	2924	587	20.1	689	112	16.3	844	154	18.2	636	67	547	22	0	0	0	0	0	78900	2034	1292	1264	1209	55	0	28	742	1012	605	605	582
48474360.41	32758.46236	176	174	104	4019	4104	4019004104	41.04	Tract 41.04	6776	6497	3917	135	165	35	2	4038	2243	279	0.000139785	1112.97	22575	23352	14639	8611	8.08056E-05	2.78498E-06	3.40386E-06	7.22031E-07	4.12589E-08	4.62719E-05	5.75562E-06	8.33018E-05	176	174	6750	2308	34.2	1532	428	27.9	2262	622	27.5	53	25	10	10	0	8	0	0	0	91500	4487	2685	2678	2446	232	0	7	1802	2223	1095	1095	976
416080299.7	113686.0279	177	176	102	4019	4060	4019004060	40.6	Tract 40.60	11190	10740	9019	641	74	285	26	1867	695	450	2.68938E-05	9553.2	56736	57338	49036	21183	2.16761E-05	1.54057E-06	1.7785E-07	6.84964E-07	6.24879E-08	1.67035E-06	1.08152E-06	4.48711E-06	177	176	11157	251	2.2	3133	32	1	3682	77	2.1	3366	10	413	2329	546	56	12	0	0	122600	7721	5878	5488	5315	173	0	390	1843	3886	2544	2506	2423
31048820.89	23019.79805	178	177	55	4019	3702	4019003702	37.02	Tract 37.02	6880	6706	4357	109	224	10	12	5591	1994	174	0.000221587	712.88	21094	21000	14135	8091	0.000140327	3.5106E-06	7.21444E-06	3.22073E-07	3.86488E-07	6.42214E-05	5.60408E-06	0.000180071	178	177	6812	2706	39.7	1512	564	37.3	1962	714	36.4	346	68	251	17	10	0	0	0	0	63800	4496	2137	2124	1894	230	0	13	2359	2277	838	838	745
15874460.03	16599.84572	179	179	56	4019	3704	4019003704	37.04	Tract 37.04	4442	4176	1963	96	248	29	0	3751	1840	266	0.000279821	364.48	28198	26900	25568	10367	0.000123658	6.04745E-06	1.56226E-05	1.82683E-06	0	0.000115909	1.67565E-05	0.000236292	179	179	4410	1072	24.3	1046	208	19.9	1341	283	21.1	736	96	582	58	0	0	0	0	0	73400	3132	1815	1815	1650	165	0	0	1317	1596	897	897	804
25614999.5	20616.06205	180	178	61	4019	3902	4019003902	39.02	Tract 39.02	2978	2859	1541	31	120	9	1	2497	1157	119	0.00011626	588.12	25197	28883	16346	10580	6.01601E-05	1.21023E-06	4.68476E-06	3.51357E-07	3.90396E-08	4.51688E-05	4.64572E-06	9.74819E-05	180	178	2942	732	24.9	706	153	21.7	852	177	20.8	595	12	558	14	0	11	0	0	0	67700	2084	1242	1221	1101	120	0	21	842	1152	582	577	534
61241967.56	34300.17435	181	180	30	4019	2506	4019002506	25.06	Tract 25.06	5873	5585	3463	220	156	71	5	3599	1670	288	9.58983E-05	1406.12	38979	44471	28321	14660	5.65462E-05	3.59231E-06	2.54727E-06	1.15934E-06	8.16434E-08	2.72689E-05	4.70266E-06	5.87669E-05	181	180	5785	666	11.5	1415	131	9.3	1920	139	7.2	1127	0	778	331	18	0	0	0	0	93100	4154	2549	2504	2438	66	0	45	1605	2118	1079	1070	1044
3109519797	265919.9899	182	181	198	4019	940900	4019940900	9409	Tract 9409	2053	2005	694	6	1268	2	1	498	34	48	6.60231E-07	71394.57	32853	29543	4706	10533	2.23186E-07	1.92956E-09	4.0778E-07	6.43186E-10	3.21593E-10	1.09342E-08	1.54365E-08	1.60153E-07	182	181	1921	479	24.9	465	81	17.4	525	113	21.5	280	133	119	5	7	6	10	0	0	53300	1377	740	740	616	124	0	0	637	700	337	337	290
27925219.37	21115.62975	183	182	57	4019	3705	4019003705	37.05	Tract 37.05	5441	5267	2717	113	254	38	1	4503	2144	174	0.000194842	641.16	29403	29718	13438	12890	9.72956E-05	4.04652E-06	9.09572E-06	1.36078E-06	3.58099E-08	7.67765E-05	6.23093E-06	0.000161252	183	182	5420	864	15.9	1305	196	15	1563	284	18.2	856	105	678	38	0	0	10	0	25	71500	3673	2314	2306	2159	147	0	8	1359	1979	1067	1067	982
24374807.02	20564.99195	184	183	62	4019	3903	4019003903	39.03	Tract 39.03	3253	3112	1452	77	98	12	0	2678	1473	141	0.000133457	559.65	34258	36033	18417	11654	5.95697E-05	3.159E-06	4.02054E-06	4.92312E-07	0	6.04312E-05	5.78466E-06	0.000109868	184	183	3374	663	19.7	852	137	16.1	966	159	16.5	754	84	647	23	0	0	0	0	0	67000	2424	1387	1387	1277	110	0	0	1037	1262	644	644	577
57729730.97	37415.29981	185	185	126	4019	4322	4019004322	43.22	Tract 43.22	5132	4948	2870	257	184	56	9	2983	1572	184	8.8897E-05	1325.47	43458	45023	18793	14862	4.97144E-05	4.45178E-06	3.18727E-06	9.70037E-07	1.55899E-07	2.72303E-05	3.18727E-06	5.16718E-05	185	185	5185	458	8.8	1325	101	7.6	1551	121	7.8	991	0	583	383	16	9	0	0	0	91300	3491	2470	2441	2308	133	0	29	1021	1888	1148	1148	1079
31018686.95	23227.76499	186	184	125	4019	4321	4019004321	43.21	Tract 43.21	3735	3558	1983	139	75	46	0	2387	1315	177	0.000120411	712.19	45550	46025	31458	15532	6.39292E-05	4.48117E-06	2.4179E-06	1.48298E-06	0	4.23938E-05	5.70624E-06	7.69536E-05	186	184	3605	170	4.7	919	40	4.4	1122	57	5.1	946	9	757	157	15	0	8	0	0	84200	2705	1854	1811	1712	99	0	43	851	1434	927	917	874
91588840.51	63401.66576	187	186	124	4019	4320	4019004320	43.2	Tract 43.20	2771	2699	1670	20	142	11	1	1767	855	72	3.02548E-05	2102.88	23950	26100	10573	10776	1.82337E-05	2.18367E-07	1.55041E-06	1.20102E-07	1.09184E-08	9.3352E-06	7.86122E-07	1.92927E-05	187	186	2619	762	29.1	646	173	26.8	815	260	31.9	150	11	68	28	35	0	0	0	8	95600	1863	922	922	891	31	0	0	941	984	432	432	418
52007944.59	56893.57563	188	187	194	4019	5100	4019005100	51	Tract 51	3315	3244	36	8	3002	1	0	756	197	71	6.37403E-05	1194.1	22235	21293	6875	5921	6.92202E-07	1.53823E-07	5.7722E-05	1.92278E-08	0	3.78788E-06	1.36518E-06	1.45362E-05	188	187	3273	1435	43.8	688	277	40.3	741	315	42.5	380	96	262	16	0	4	2	0	0	58200	1923	1085	1085	888	197	0	0	838	1046	518	518	443
1672910018	190099.1123	189	188	117	4019	4313	4019004313	43.13	Tract 43.13	4701	4534	3251	32	126	18	6	1918	1101	167	2.81007E-06	38410.01	31618	34886	22857	13260	1.94332E-06	1.91283E-08	7.53179E-08	1.07597E-08	3.58657E-09	6.58135E-07	9.98261E-08	1.14651E-06	189	188	4679	1050	22.4	1174	216	18.4	1580	290	18.4	424	39	169	158	46	12	0	0	0	101000	3364	2030	2026	1857	169	0	4	1334	1646	809	809	740
8382604513	487803.1906	190	189	109	4019	4109	4019004109	41.09	Tract 41.09	4186	4076	3737	24	45	14	4	625	252	110	4.99367E-07	192464.6	46925	51011	32600	20102	4.45804E-07	2.86307E-09	5.36826E-09	1.67013E-09	4.77179E-10	3.00623E-08	1.31224E-08	7.45592E-08	190	189	4180	235	5.6	1261	57	4.5	1611	112	7	636	21	93	313	127	48	25	9	0	135100	3253	1876	1874	1821	53	0	2	1377	1642	798	798	777
1318847771	150341.0113	191	191	106	4019	4106	4019004106	41.06	Tract 41.06	7804	7467	4926	643	289	20	5	3748	1584	337	5.91729E-06	30280.74	30361	32900	17181	10033	3.73508E-06	4.87547E-07	2.19131E-07	1.51648E-08	3.79119E-09	1.20105E-06	2.55526E-07	2.84187E-06	191	191	3665	892	24.3	874	174	19.9	1075	184	17.1	249	63	152	26	8	0	0	0	0	78400	6615	1505	1505	1368	137	0	0	5110	1983	454	454	367
27821915824	995592.3906	192	190	120	4019	4316	4019004316	43.16	Tract 43.16	3879	3770	3311	16	52	8	5	1316	378	109	1.39422E-07	638791.19	26398	31902	19783	14063	1.19007E-07	5.75086E-10	1.86903E-09	2.87543E-10	1.79714E-10	1.35864E-08	3.91778E-09	4.73008E-08	192	190	3876	691	17.8	1036	157	15.2	1454	238	16.4	475	77	283	65	41	9	0	0	0	80600	2944	1620	1620	1551	69	0	0	1324	1472	693	693	652
1523089791	169572.5283	193	192	118	4019	4314	4019004314	43.14	Tract 43.14	3599	3525	3116	19	45	32	0	880	313	74	2.36296E-06	34970.14	51029	53699	34844	21853	2.04584E-06	1.24746E-08	2.95452E-08	2.10099E-08	0	2.05503E-07	4.85854E-08	5.77773E-07	193	192	3578	235	6.6	1033	52	5	1288	80	6.2	747	8	127	237	227	122	22	4	0	150300	2763	1697	1697	1616	81	0	0	1066	1391	740	740	713
5260054666	356913.7608	194	193	107	4019	4107	4019004107	41.07	Tract 41.07	3089	3017	2677	18	49	11	1	775	261	72	5.87256E-07	120770.86	45758	51250	25938	19938	5.0893E-07	3.42202E-09	9.31549E-09	2.09123E-09	1.90112E-10	4.96193E-08	1.36881E-08	1.47337E-07	194	193	3072	331	10.8	901	43	4.8	1152	87	7.6	550	12	205	213	70	35	15	0	0	112000	2360	1532	1512	1436	76	0	20	828	1200	706	706	658
2811091156	260457.8341	195	194	108	4019	4108	4019004108	41.08	Tract 41.08	2411	2366	2094	10	29	13	0	694	220	45	8.57674E-07	64542.65	51146	53185	32031	25548	7.44906E-07	3.55734E-09	1.03163E-08	4.62454E-09	0	7.82614E-08	1.6008E-08	2.46879E-07	195	194	2336	244	10.4	637	43	6.8	969	85	8.8	301	4	38	40	53	92	74	0	0	213600	1933	888	888	856	32	0	0	1045	1068	374	374	367
136589697.8	60815.28883	196	195	122	4019	4318	4019004318	43.18	Tract 43.18	4880	4833	4745	18	14	13	5	180	38	47	3.57274E-05	3136.1	36193	44405	23854	28065	3.47391E-05	1.31782E-07	1.02497E-07	9.51756E-08	3.6606E-08	2.78205E-07	3.44096E-07	1.31782E-06	196	195	4993	158	3.2	1698	36	2.1	3007	112	3.7	2253	38	797	909	285	173	51	0	0	115400	4828	784	784	753	31	0	0	4044	2698	380	380	349
38134028.75	46717.73986	197	196	121	4019	4317	4019004317	43.17	Tract 43.17	2926	2904	2877	4	2	13	0	65	8	22	7.67294E-05	875.56	31768	40076	23398	23746	7.54444E-05	1.04893E-07	5.24466E-08	3.40903E-07	0	2.09786E-07	5.76913E-07	1.70451E-06	197	196	2829	104	3.7	978	17	1.7	1743	75	4.3	979	110	440	267	141	0	21	0	0	95700	2909	442	442	440	2	0	0	2467	1565	235	235	235
63731839.13	51494.56045	198	197	113	4019	4307	4019004307	43.07	Tract 43.07	3311	3301	3265	4	7	15	2	88	8	10	5.19521E-05	1463.28	37440	43622	28550	27298	5.12303E-05	6.2763E-08	1.09835E-07	2.35361E-07	3.13815E-08	1.25526E-07	1.56907E-07	1.38079E-06	198	197	3298	93	2.8	1223	24	2	1920	61	3.2	1747	15	1000	471	194	54	11	2	0	95400	3234	621	621	610	11	0	0	2613	1862	333	333	331
1565007689	218976.6267	199	198	119	4019	4315	4019004315	43.15	Tract 43.15	5997	5979	5923	7	9	19	2	138	19	18	3.83193E-06	35932.58	50615	56684	36860	38294	3.78465E-06	4.47282E-09	5.75077E-09	1.21405E-08	1.27795E-09	1.21405E-08	1.15015E-08	8.81785E-08	199	198	5997	146	2.4	2437	38	1.6	3278	101	3.1	3006	4	493	745	1070	513	168	13	0	161300	5927	868	868	827	41	0	0	5059	3162	436	436	420
